276.081169	-0.703086938
276.188278	-0.367977242
276.295386	-0.132952413
276.402495	-0.0746453139
276.509603	-0.0708286229
276.616712	-0.0737376811
276.72382	-0.0772099174
276.830929	-0.0809234325
276.938037	-0.0848959985
277.045146	-0.0892939945
277.152254	-0.0959367091
277.259363	-0.115617787
277.366471	-0.171327034
277.47358	-0.244384221
277.580688	-0.248926778
277.687796	-0.189299694
277.794905	-0.151366769
277.902013	-0.147771235
278.009122	-0.155070683
278.11623	-0.16432183
278.223339	-0.174445554
278.330447	-0.18546926
278.437556	-0.19749595
278.544664	-0.210686759
278.651773	-0.225964164
278.758881	-0.249599645
278.86599	-0.297651619
278.973098	-0.361657583
279.080207	-0.384639555
279.187315	-0.365955603
279.294424	-0.362488965
279.401532	-0.383993835
279.508641	-0.415590408
279.615749	-0.451768111
279.722857	-0.492264234
279.829966	-0.537608178
279.937074	-0.588437966
280.044183	-0.645464114
280.151291	-0.709546028
280.2584	-0.782348784
280.365508	-0.868139284
280.472617	-0.971648875
280.579725	-1.08532607
280.686834	-1.19254804
280.793942	-1.29910033
280.901051	-1.42296018
281.008159	-1.56504296
281.115268	-1.7192712
281.222376	-1.88234844
281.329485	-2.05217127
281.436593	-2.22666629
281.543701	-2.40398374
281.65081	-2.58301538
281.757918	-2.76401258
281.865027	-2.94945972
281.972135	-3.14462967
282.079244	-3.35383705
282.186352	-3.57727317
282.293461	-3.82037801
282.400569	-4.09270172
282.507678	-4.39628695
282.614786	-4.72711254
282.721895	-5.07823483
282.829003	-5.43981098
282.936112	-5.79986144
283.04322	-6.14614919
283.150329	-6.46865356
283.257437	-6.7621484
283.364545	-7.02826391
283.471654	-7.27637605
283.578762	-7.52285746
283.685871	-7.78862219
283.792979	-8.09536568
283.900088	-8.46125422
284.007196	-8.89692889
284.114305	-9.40256775
284.221413	-9.96651119
284.328522	-10.5657281
284.43563	-11.1682302
284.542739	-11.7373725
284.649847	-12.2377048
284.756956	-12.6416198
284.864064	-12.9355675
284.971173	-13.1243096
285.078281	-13.2318211
285.185389	-13.2981282
285.292498	-13.3724244
285.399606	-13.5038366
285.506715	-13.731814
285.613823	-14.0780958
285.720932	-14.5417104
285.82804	-15.0977816
285.935149	-15.7003394
286.042257	-16.2888966
286.149366	-16.7981482
286.256474	-17.1695886
286.363583	-17.3631488
286.470691	-17.3663909
286.5778	-17.1987899
286.684908	-16.9094892
286.792017	-16.5685276
286.899125	-16.2533413
287.006233	-16.0336113
287.113342	-15.9577709
287.22045	-16.0437739
287.327559	-16.2755223
287.434667	-16.6052229
287.541776	-16.9611425
287.648884	-17.2596896
287.755993	-17.4202093
287.863101	-17.3802108
287.97021	-17.1081542
288.077318	-16.6108399
288.184427	-15.9332847
288.291535	-15.1507185
288.398644	-14.3544382
288.505752	-13.6348649
288.612861	-13.0656139
288.719969	-12.6916514
288.827077	-12.523189
288.934186	-12.5355522
289.041294	-12.6743397
289.148403	-12.8647811
289.255511	-13.0240356
289.36262	-13.0749167
289.469728	-12.9590763
289.576837	-12.6472707
289.683945	-12.144399
289.791054	-11.4878658
289.898162	-10.7394091
290.005271	-9.97229
290.112379	-9.25693502
290.219488	-8.64827546
290.326596	-8.17719874
290.433705	-7.84720881
290.540813	-7.63617139
290.647922	-7.50222597
290.75503	-7.39256598
290.862138	-7.25360952
290.969247	-7.04093331
291.076355	-6.72724934
291.183464	-6.30686865
291.290572	-5.79570869
291.397681	-5.22692887
291.504789	-4.64340016
291.611898	-4.08897502
291.719006	-3.6006162
291.826115	-3.202893
291.933223	-2.90548266
292.040332	-2.70351501
292.14744	-2.58011786
292.254549	-2.51037698
292.361657	-2.46597786
292.468766	-2.41988243
292.575874	-2.35043179
292.682982	-2.24429013
292.790091	-2.09775436
292.897199	-1.91622389
293.004308	-1.71202494
293.111416	-1.5011781
293.218525	-1.29992117
293.325633	-1.12176001
293.432742	-0.975558313
293.53985	-0.864825639
293.646959	-0.788066207
293.754067	-0.739885113
293.861176	-0.712510293
293.968284	-0.697423428
294.075393	-0.686847372
294.182501	-0.674888609
294.28961	-0.658189844
294.396718	-0.636029433
294.503826	-0.609912521
294.610935	-0.582807336
294.718043	-0.558247911
294.825152	-0.539523536
294.93226	-0.529109584
295.039369	-0.528397047
295.146477	-0.537689722
295.253586	-0.55638553
295.360694	-0.583246494
295.467803	-0.61667888
295.574911	-0.654974038
295.68202	-0.696488263
295.789128	-0.739759918
295.896237	-0.783572996
296.003345	-0.826980156
296.110454	-0.869297743
296.217562	-0.910082807
296.32467	-0.949099179
296.431779	-0.986277189
296.538887	-1.02167003
296.645996	-1.05540902
296.753104	-1.08765998
296.860213	-1.11858329
296.967321	-1.14830047
297.07443	-1.17687032
297.181538	-1.20427701
297.288647	-1.23043165
297.395755	-1.25518699
297.502864	-1.27836345
297.609972	-1.29978221
297.717081	-1.31930016
297.824189	-1.33684064
297.931298	-1.35241407
298.038406	-1.36612447
298.145514	-1.37815995
298.252623	-1.38876828
298.359731	-1.39822176
298.46684	-1.40677782
298.573948	-1.414643
298.681057	-1.42194801
298.788165	-1.42873969
298.895274	-1.43499316
299.002382	-1.4406436
299.109491	-1.44563379
299.216599	-1.44997021
299.323708	-1.45377872
299.430816	-1.45735034
299.537925	-1.46116933
299.645033	-1.46591815
299.752142	-1.47245816
299.85925	-1.48178898
299.966358	-1.49499326
300.073467	-1.51317618
300.180575	-1.53741026
300.287684	-1.56869482
300.394792	-1.60793746
300.501901	-1.65596024
300.609009	-1.71352898
300.716118	-1.7813984
300.823226	-1.86036151
300.930335	-1.95128754
301.037443	-2.05513123
301.144552	-2.17289634
301.25166	-2.30554084
301.358769	-2.45381934
301.465877	-2.61807357
301.572986	-2.79800264
301.680094	-2.99247203
301.787202	-3.19944601
301.894311	-3.41614031
302.001419	-3.63947216
302.108528	-3.8668164
302.215636	-4.0969611
302.322745	-4.33102677
302.429853	-4.57303139
302.536962	-4.82981155
302.64407	-5.11016495
302.751179	-5.42330665
302.858287	-5.7769328
302.965396	-6.17528125
303.072504	-6.61756197
303.179613	-7.09706046
303.286721	-7.60115982
303.39383	-8.11249015
303.500938	-8.61133234
303.608047	-9.07918667
303.715155	-9.50303131
303.822263	-9.87934752
303.929372	-10.2167106
304.03648	-10.5358847
304.143589	-10.8669792
304.250697	-11.2441092
304.357806	-11.6987411
304.464914	-12.2531781
304.572023	-12.9154098
304.679131	-13.6760817
304.78624	-14.5079442
304.893348	-15.3679899
305.000457	-16.2024474
305.107565	-16.9546032
305.214674	-17.5748322
305.321782	-18.0312607
305.428891	-18.318565
305.535999	-18.462145
305.643107	-18.5157348
305.750216	-18.5523218
305.857324	-18.6502934
305.964433	-18.878075
306.071541	-19.2806288
306.17865	-19.8702505
306.285758	-20.6228343
306.392867	-21.4798486
306.499975	-22.3558627
306.607084	-23.1512298
306.714192	-23.7689413
306.821301	-24.1334423
306.928409	-24.2076952
307.035518	-24.0039277
307.142626	-23.5842475
307.249735	-23.0498732
307.356843	-22.5212017
307.463951	-22.1137064
307.57106	-21.9154707
307.678168	-21.9709198
307.785277	-22.2730517
307.892385	-22.7644495
307.999494	-23.3462851
308.106602	-23.8941519
308.213711	-24.2791644
308.320819	-24.3917295
308.427928	-24.1638752
308.535036	-23.5849371
308.642145	-22.7059257
308.749253	-21.6305277
308.856362	-20.4946312
308.96347	-19.439741
309.070579	-18.5869983
309.177687	-18.0173479
309.284795	-17.7606747
309.391904	-17.7940462
309.499012	-18.0476584
309.606121	-18.4168013
309.713229	-18.778446
309.820338	-19.0110295
309.927446	-19.0152022
310.034555	-18.7320409
310.141663	-18.1544532
310.248772	-17.3282485
310.35588	-16.341869
310.462989	-15.307186
310.570097	-14.3364567
310.677206	-13.5212351
310.784314	-12.9176319
310.891423	-12.5398352
310.998531	-12.361562
311.105639	-12.3238727
311.212748	-12.3474689
311.319856	-12.3476239
311.426965	-12.2497064
311.534073	-12.0028007
311.641182	-11.5886626
311.74829	-11.0238
311.855399	-10.3540653
311.962507	-9.64330058
312.069616	-8.95928855
312.176724	-8.3607179
312.283833	-7.88795464
312.390941	-7.55875885
312.49805	-7.3685659
312.605158	-7.29412154
312.712267	-7.29915526
312.819375	-7.34105648
312.926483	-7.37778407
313.033592	-7.37427719
313.1407	-7.30750366
313.247809	-7.16923451
313.354917	-6.96591959
313.462026	-6.71569947
313.569134	-6.4433819
313.676243	-6.17475692
313.783351	-5.93165794
313.89046	-5.72872651
313.997568	-5.57217694
314.104677	-5.46030014
314.211785	-5.38516575
314.318894	-5.3349615
314.426002	-5.29651606
314.533111	-5.25765954
314.640219	-5.20913052
314.747328	-5.14577422
314.854436	-5.06685996
314.961544	-4.97551393
315.068653	-4.87747529
315.175761	-4.77954829
315.28287	-4.68815818
315.389978	-4.60831529
315.497087	-4.54311051
315.604195	-4.49369505
315.711304	-4.45959646
315.818412	-4.4392012
315.925521	-4.43026511
316.032629	-4.43036393
316.139738	-4.43724114
316.246846	-4.44904124
316.353955	-4.46443411
316.461063	-4.48264432
316.568172	-4.5034035
316.67528	-4.52684665
316.782388	-4.55337493
316.889497	-4.58350792
316.996605	-4.61774709
317.103714	-4.65646855
317.210822	-4.69985751
317.317931	-4.74788966
317.425039	-4.80035709
317.532148	-4.85692934
317.639256	-4.91723531
317.746365	-4.98094888
317.853473	-5.04786178
317.960582	-5.11792996
318.06769	-5.19128529
318.174799	-5.26821075
318.281907	-5.34908352
318.389016	-5.43429629
318.496124	-5.5241704
318.603232	-5.61887565
318.710341	-5.71837042
318.817449	-5.82237197
318.924558	-5.93036173
319.031666	-6.04162486
319.138775	-6.1553175
319.245883	-6.27055112
319.352992	-6.38648109
319.4601	-6.50238602
319.567209	-6.61772699
319.674317	-6.73217921
319.781426	-6.84563403
319.888534	-6.95817454
319.995643	-7.07003246
320.102751	-7.18153778
320.20986	-7.29307329
320.316968	-7.40504586
320.424076	-7.51788281
320.531185	-7.6320581
320.638293	-7.74814729
320.745402	-7.86690602
320.85251	-7.98936227
320.959619	-8.11691006
321.066727	-8.25139092
321.173836	-8.39514887
321.280944	-8.55104455
321.388053	-8.72241265
321.495161	-8.91294359
321.60227	-9.12646394
321.709378	-9.36658297
321.816487	-9.63616879
321.923595	-9.93662958
322.030704	-10.2670209
322.137812	-10.6231025
322.24492	-10.9966356
322.352029	-11.3754087
322.459137	-11.7445888
322.566246	-12.0898168
322.673354	-12.4018497
322.780463	-12.6815886
322.887571	-12.9435308
322.99468	-13.2157303
323.101788	-13.5355375
323.208897	-13.9421388
323.316005	-14.4681038
323.423114	-15.1320658
323.530222	-15.9336074
323.637331	-16.850438
323.744439	-17.8378503
323.851548	-18.831238
323.958656	-19.7533489
324.065764	-20.5277506
324.172873	-21.0978616
324.279981	-21.4472082
324.38709	-21.6134021
324.494198	-21.6885237
324.601307	-21.8033424
324.708415	-22.0998056
324.815524	-22.7009523
324.922632	-23.6868585
325.029741	-25.080518
325.136849	-26.8426339
325.243958	-28.8724763
325.351066	-31.0137635
325.458175	-33.0679627
325.565283	-34.8193688
325.672392	-36.0741496
325.7795	-36.7085897
325.886609	-36.7129007
325.993717	-36.212285
326.100825	-35.4519316
326.207934	-34.7467571
326.315042	-34.4119858
326.422151	-34.6972311
326.529259	-35.7411485
326.636368	-37.5514709
326.743476	-40.0053903
326.850585	-42.8632916
326.957693	-45.7937064
327.064802	-48.4135147
327.17191	-50.3485101
327.279019	-51.3118042
327.386127	-51.1832806
327.493236	-50.0613708
327.600344	-48.2601182
327.707453	-46.2439042
327.814561	-44.519639
327.921669	-43.5238464
328.028778	-43.5388166
328.135886	-44.6527249
328.242995	-46.7585176
328.350103	-49.5776374
328.457212	-52.698736
328.56432	-55.6310812
328.671429	-57.8777152
328.778537	-59.0281614
328.885646	-58.8554218
328.992754	-57.3865881
329.099863	-54.9143604
329.206971	-51.9355096
329.31408	-49.0337069
329.421188	-46.7482116
329.528297	-45.4710127
329.635405	-45.3948742
329.742513	-46.509268
329.849622	-48.6261462
329.95673	-51.4178395
330.063839	-54.4596281
330.170947	-57.2803424
330.278056	-59.4279261
330.385164	-60.5498519
330.492273	-60.4735566
330.599381	-59.2592322
330.70649	-57.1980348
330.813598	-54.7474187
330.920707	-52.4224584
331.027815	-50.6801439
331.134924	-49.8315045
331.242032	-49.9982532
331.349141	-51.1106416
331.456249	-52.9330391
331.563357	-55.105416
331.670466	-57.1967938
331.777574	-58.7729111
331.884683	-59.4787362
331.991791	-59.1254593
332.0989	-57.7565948
332.206008	-55.6610303
332.313117	-53.3140746
332.420225	-51.2592775
332.527334	-49.9738904
332.634442	-49.7656921
332.741551	-50.7255345
332.848659	-52.7295318
332.955768	-55.4698447
333.062876	-58.4978171
333.169985	-61.27745
333.277093	-63.2590684
333.384201	-63.9840308
333.49131	-63.2153415
333.598418	-61.0575974
333.705527	-58.0026757
333.812635	-54.8485243
333.919744	-52.5003976
334.026852	-51.736499
334.133961	-53.0365899
334.241069	-56.5147704
334.348178	-61.9219349
334.455286	-68.655176
334.562395	-75.7453653
334.669503	-81.8622783
334.776612	-85.4358696
334.88372	-84.986983
334.990829	-79.651794
335.097937	-69.7149764
335.205045	-56.8561538
335.312154	-43.8708371
335.419262	-33.8835559
335.526371	-29.4042274
335.633479	-31.7001932
335.740588	-40.7036878
335.847696	-55.2749887
335.954805	-73.4622171
336.061913	-92.547192
336.169022	-108.98537
336.27613	-118.612306
336.383239	-117.480556
336.490347	-103.302956
336.597456	-76.9207901
336.704564	-42.913204
336.811673	-8.6971428
336.918781	17.7516405
337.02589	30.4734732
337.132998	27.0198569
337.240106	8.30660801
337.347215	-22.549668
337.454323	-61.3077103
337.561432	-102.91427
337.66854	-141.165754
337.775649	-168.478808
337.882757	-176.730726
337.989866	-159.620773
338.096974	-115.864823
338.204083	-51.4922418
338.311191	20.5549318
338.4183	84.0827885
338.525408	125.086106
338.632517	136.073653
338.739625	117.079114
338.846734	73.5922203
338.953842	13.5831412
339.06095	-54.2784672
339.168059	-120.609852
339.275167	-174.487749
339.382276	-203.610721
339.489384	-196.852755
339.596493	-148.905237
339.703601	-64.6803818
339.81071	39.604878
339.917818	140.445234
340.024927	214.988653
340.132035	248.797766
340.239144	239.128718
340.346252	192.757675
340.453361	121.172663
340.560469	36.7986782
340.667578	-48.0575275
340.774686	-120.382178
340.881794	-166.03559
340.988903	-171.815765
341.096011	-130.208867
341.20312	-44.5451086
341.310228	68.9855447
341.417337	184.92779
341.524445	277.059175
341.631554	327.526165
341.738662	331.479294
341.845771	295.322034
341.952879	231.149898
342.059988	151.573067
342.167096	67.428529
342.274205	-11.6856401
342.381313	-75.7837327
342.488422	-113.969049
342.59553	-116.48644
342.702638	-78.9737227
342.809747	-6.52507076
342.916855	85.458287
343.023964	175.241224
343.131072	242.244624
343.238181	274.060693
343.345289	269.062936
343.452398	233.955965
343.559506	179.022982
343.666615	114.398805
343.773723	48.8405099
343.880832	-9.62259869
343.98794	-52.7723928
344.095049	-72.3823578
344.202157	-61.9416836
344.309266	-19.7738476
344.416374	47.0945137
344.523482	121.27234
344.630591	180.356868
344.737699	208.221461
344.844808	202.257788
344.951916	170.249993
345.059025	122.41176
345.166133	66.3644015
345.273242	6.55716563
345.38035	-53.9501236
345.487459	-110.79557
345.594567	-155.240647
345.701676	-172.256119
345.808784	-144.342872
345.915893	-65.4179451
346.023001	43.4824319
346.13011	138.958011
346.237218	184.987294
346.344326	176.123518
346.451435	130.12426
346.558543	66.5368207
346.665652	-4.43627789
346.77276	-80.563448
346.879869	-162.355938
346.986977	-248.100543
347.094086	-328.370464
347.201194	-380.062726
347.308303	-366.32371
347.415411	-254.393027
347.52252	-51.114765
347.629628	177.385183
347.736737	339.884301
347.843845	384.816742
347.950954	326.071473
348.058062	210.926524
348.165171	78.2277473
348.272279	-55.8024369
348.379387	-190.019815
348.486496	-326.320822
348.593604	-458.690589
348.700713	-561.788853
348.807821	-583.344717
348.91493	-458.86963
349.022038	-165.267682
349.129147	220.780972
349.236255	544.046868
349.343364	683.000755
349.450472	631.894882
349.557581	467.741519
349.664689	268.705428
349.771798	74.0069861
349.878906	-108.915649
349.986015	-283.897517
350.093123	-448.949686
350.200231	-581.545241
350.30734	-627.653399
350.414448	-512.670092
350.521557	-196.925391
350.628665	251.459638
350.735774	660.889707
350.842882	874.117156
350.949991	859.18553
351.057099	695.102129
351.164208	480.243101
351.271316	272.604173
351.378425	88.1304381
351.485533	-77.9081795
351.592642	-232.813286
351.69975	-374.282466
351.806859	-479.351508
351.913967	-497.424537
352.021075	-365.585387
352.128184	-62.6417607
352.235292	332.457214
352.342401	662.458108
352.449509	805.162505
352.556618	756.364302
352.663726	596.616347
352.770835	408.378309
352.877943	234.544386
352.985052	84.7853813
353.09216	-44.6284134
353.199269	-155.639279
353.306377	-237.963439
353.413486	-263.016239
353.520594	-191.941042
353.627703	-9.20686343
353.734811	237.790237
353.841919	448.803839
353.949028	542.921186
354.056136	515.080209
354.163245	416.890751
354.270353	302.547568
354.377462	200.658188
354.48457	117.701066
354.591679	50.4248672
354.698787	-5.54823927
354.805896	-51.1950472
354.913004	-81.241581
355.020113	-83.5778196
355.127221	-45.211326
355.23433	33.6061356
355.341438	128.455783
355.448547	200.974555
355.555655	226.194559
355.662763	207.664155
355.769872	166.361923
355.87698	121.642573
355.984089	83.0286698
356.091197	52.3757832
356.198306	28.3962562
356.305414	9.66932997
356.412523	-3.79099407
356.519631	-9.85529217
356.62674	-5.14669216
356.733848	11.5172601
356.840957	35.1051872
356.948065	55.3591781
357.055174	64.0325634
357.162282	60.5757423
357.269391	50.2243584
357.376499	38.5465734
357.483607	28.5563932
357.590716	21.0063606
357.697824	15.5965717
357.804933	11.7808155
357.912041	9.07902018
358.01915	7.14027324
358.126258	5.72464369
358.233367	4.67152883
358.340475	3.8734904
358.447584	3.25799453
358.554692	2.77539801
358.661801	2.39119199
358.768909	2.08099991
358.876018	1.82732745
358.983126	1.61742609
359.090235	1.44186953
359.197343	1.29359147
359.304451	1.16722577
359.41156	1.05864764
359.518668	0.96465016
359.625777	0.882713307
359.732885	0.810836896
359.839994	0.747418405
359.947102	0.691162562
360.054211	0.641013756
360.161319	0.596104991
360.268428	0.555718971
360.375536	0.519258171
360.482645	0.486221607
360.589753	0.456186679
360.696862	0.428794853
360.80397	0.403740299
360.911079	0.380760808
361.018187	0.359630481
361.125296	0.340153811
361.232404	0.322160862
361.339512	0.305503319
361.446621	0.290051235
361.553729	0.275690336
361.660838	0.26231978
361.767946	0.249850286
361.875055	0.238202555
361.982163	0.227305945
362.089272	0.217097348
362.19638	0.207520229
362.303489	0.198523816
362.410597	0.190062396
362.517706	0.182094714
362.624814	0.174583458
362.731923	0.167494804
362.839031	0.160798032
362.94614	0.154465183
363.053248	0.148470765
363.160356	0.142791491
363.267465	0.137406053
363.374573	0.132294922
363.481682	0.127440167
363.58879	0.122825304
363.695899	0.118435155
363.803007	0.114255721
363.910116	0.110274079
364.017224	0.106478279
364.124333	0.102857258
364.231441	0.0994007622
364.33855	0.0960992749
364.445658	0.0929439553
364.552767	0.0899265805
364.659875	0.0870394937
364.766984	0.0842755589
364.874092	0.0816281177
364.9812	0.079090952
365.088309	0.0766582494
365.195417	0.0743245712
365.302526	0.0720848246
365.409634	0.0699342362
365.516743	0.0678683282
365.623851	0.0658828969
365.73096	0.0639739927
365.838068	0.0621379018
365.945177	0.0603711298
366.052285	0.0586703861
366.159394	0.0570325698
366.266502	0.0554547572
366.373611	0.0539341893
366.480719	0.0524682609
366.587828	0.0510545109
366.694936	0.0496906124
366.802044	0.0483743643
366.909153	0.0471036832
367.016261	0.045876596
367.12337	0.044691233
367.230478	0.0435458214
367.337587	0.0424386796
367.444695	0.0413682115
367.551804	0.0403329015
367.658912	0.0393313095
367.766021	0.0383620668
367.873129	0.0374238716
367.980238	0.0365154853
368.087346	0.035635729
368.194455	0.0347834799
368.301563	0.0339576683
368.408672	0.0331572746
368.51578	0.0323813267
368.622888	0.031628897
368.729997	0.0308991004
368.837105	0.0301910919
368.944214	0.0295040644
369.051322	0.0288372467
369.158431	0.0281899017
369.265539	0.0275613248
369.372648	0.0269508417
369.479756	0.0263578073
369.586865	0.0257816043
369.693973	0.0252216414
369.801082	0.0246773523
369.90819	0.0241481944
370.015299	0.0236336475
370.122407	0.0231332131
370.229516	0.0226464129
370.336624	0.022172788
370.443732	0.0217118981
370.550841	0.0212633204
370.657949	0.0208266492
370.765058	0.0204014944
370.872166	0.0199874814
370.979275	0.0195842503
371.086383	0.019191455
371.193492	0.0188087625
371.3006	0.0184358527
371.407709	0.0180724178
371.514817	0.0177181611
371.621926	0.0173727975
371.729034	0.0170360521
371.836143	0.0167076604
371.943251	0.0163873674
372.05036	0.0160749276
372.157468	0.0157701043
372.264577	0.0154726691
372.371685	0.0151824022
372.478793	0.0148990912
372.585902	0.0146225314
372.69301	0.0143525253
372.800119	0.0140888822
372.907227	0.013831418
373.014336	0.0135799552
373.121444	0.013334322
373.228553	0.0130943527
373.335661	0.0128598872
373.44277	0.0126307707
373.549878	0.0124068536
373.656987	0.0121879914
373.764095	0.0119740441
373.871204	0.0117648767
373.978312	0.0115603584
374.085421	0.0113603625
374.192529	0.0111647668
374.299637	0.0109734527
374.406746	0.0107863055
374.513854	0.0106032142
374.620963	0.0104240713
374.728071	0.0102487726
374.83518	0.0100772173
374.942288	0.00990930768
375.049397	0.009744949
375.156505	0.0095840495
375.263614	0.00942652025
375.370722	0.00927227501
375.477831	0.00912123015
375.584939	0.0089733046
375.692048	0.0088284197
375.799156	0.00868649916
375.906265	0.00854746895
376.013373	0.00841125725
376.120481	0.00827779434
376.22759	0.00814701256
376.334698	0.00801884621
376.441807	0.00789323152
376.548915	0.00777010654
376.656024	0.00764941112
376.763132	0.00753108683
376.870241	0.00741507691
376.977349	0.00730132619
377.084458	0.00718978108
377.191566	0.00708038949
377.298675	0.00697310078
377.405783	0.00686786573
377.512892	0.00676463648
377.62	0.0066633665
377.727109	0.00656401052
377.834217	0.00646652453
377.941325	0.0063708657
378.048434	0.00627699237
378.155542	0.006184864
378.262651	0.00609444114
378.369759	0.0060056854
378.476868	0.00591855941
378.583976	0.0058330268
378.691085	0.00574905213
378.798193	0.0056666011
378.905302	0.00558565411
379.01241	0.0055067324
379.119519	0.00543986421
379.226627	0.00546291915
379.333736	0.00577627712
379.440844	0.00626046664
379.547953	0.00617872945
379.655061	0.00553591207
379.762169	0.00507209238
379.869278	0.00490267461
379.976386	0.0048239421
380.083495	0.00475710855
380.190603	0.00469199219
380.297712	0.00462801072
380.40482	0.00456518262
380.511929	0.00450570078
380.619037	0.00448978334
380.726146	0.00482901117
380.833254	0.00632500369
380.940363	0.00849997216
381.047471	0.00840697828
381.15458	0.00606550036
381.261688	0.00443593984
381.368797	0.00398000121
381.475905	0.00388290326
381.583013	0.00382958395
381.690122	0.00377939733
381.79723	0.00373009132
381.904339	0.00368165006
382.011447	0.00363635671
382.118556	0.00363775981
382.225664	0.00405780726
382.332773	0.00616552859
382.439881	0.010685602
382.54699	0.0139544431
382.654098	0.0115711587
382.761207	0.00652540282
382.868315	0.00371951639
382.975424	0.00303130839
383.082532	0.00292357757
383.189641	0.00288311679
383.296749	0.0028467356
383.403858	0.0028110289
383.510966	0.00277666424
383.618074	0.00276199951
383.725183	0.00299582639
383.832291	0.00484705441
383.9394	0.0112023838
384.046508	0.019533445
384.153617	0.0187941598
384.260725	0.00979774163
384.367834	0.00376118945
384.474942	0.00221226583
384.582051	0.00201683998
384.689159	0.0019833306
384.796268	0.00195881351
384.903376	0.00193488518
385.010485	0.00191155766
385.117593	0.00189826656
385.224702	0.0020789933
385.33181	0.00411830174
385.438918	0.014460628
385.546027	0.0395232745
385.653135	0.0625465195
