42.9493731	-1.1702217
42.9522302	-1.17307407
42.9550872	-1.17593668
42.9579443	-1.17880957
42.9608013	-1.1816928
42.9636584	-1.18458641
42.9665154	-1.18749045
42.9693725	-1.19040499
42.9722295	-1.19333006
42.9750866	-1.19626571
42.9779436	-1.19921201
42.9808007	-1.202169
42.9836577	-1.20513674
42.9865148	-1.20811527
42.9893718	-1.21110465
42.9922289	-1.21410494
42.9950859	-1.21711618
42.997943	-1.22013843
43.0008	-1.22317175
43.0036571	-1.22621619
43.0065141	-1.2292718
43.0093712	-1.23233865
43.0122282	-1.23541678
43.0150853	-1.23850625
43.0179423	-1.24160713
43.0207994	-1.24471946
43.0236564	-1.2478433
43.0265135	-1.25097871
43.0293705	-1.25412575
43.0322276	-1.25728447
43.0350846	-1.26045494
43.0379417	-1.26363722
43.0407987	-1.26683136
43.0436558	-1.27003742
43.0465128	-1.27325547
43.0493699	-1.27648555
43.0522269	-1.27972775
43.055084	-1.28298211
43.057941	-1.2862487
43.0607981	-1.28952757
43.0636552	-1.2928188
43.0665122	-1.29612245
43.0693693	-1.29943857
43.0722263	-1.30276724
43.0750834	-1.30610851
43.0779404	-1.30946245
43.0807975	-1.31282913
43.0836545	-1.31620861
43.0865116	-1.31960096
43.0893686	-1.32300624
43.0922257	-1.32642453
43.0950827	-1.32985588
43.0979398	-1.33330036
43.1007968	-1.33675805
43.1036539	-1.34022901
43.1065109	-1.34371331
43.109368	-1.34721101
43.112225	-1.3507222
43.1150821	-1.35424694
43.1179391	-1.3577853
43.1207962	-1.36133735
43.1236532	-1.36490317
43.1265103	-1.36848282
43.1293673	-1.37207638
43.1322244	-1.37568392
43.1350814	-1.37930551
43.1379385	-1.38294124
43.1407955	-1.38659117
43.1436526	-1.39025538
43.1465096	-1.39393394
43.1493667	-1.39762694
43.1522237	-1.40133444
43.1550808	-1.40505653
43.1579378	-1.40879328
43.1607949	-1.41254478
43.1636519	-1.41631109
43.166509	-1.4200923
43.169366	-1.42388849
43.1722231	-1.42769974
43.1750801	-1.43152614
43.1779372	-1.43536775
43.1807942	-1.43922467
43.1836513	-1.44309697
43.1865083	-1.44698475
43.1893654	-1.45088808
43.1922224	-1.45480705
43.1950795	-1.45874174
43.1979365	-1.46269224
43.2007936	-1.46665863
43.2036506	-1.47064101
43.2065077	-1.47463945
43.2093647	-1.47865406
43.2122218	-1.48268491
43.2150788	-1.48673209
43.2179359	-1.4907957
43.2207929	-1.49487582
43.22365	-1.49897255
43.226507	-1.50308598
43.2293641	-1.5072162
43.2322212	-1.5113633
43.2350782	-1.51552738
43.2379353	-1.51970854
43.2407923	-1.52390685
43.2436494	-1.52812244
43.2465064	-1.53235538
43.2493635	-1.53660577
43.2522205	-1.54087372
43.2550776	-1.54515932
43.2579346	-1.54946268
43.2607917	-1.55378388
43.2636487	-1.55812304
43.2665058	-1.56248025
43.2693628	-1.56685561
43.2722199	-1.57124924
43.2750769	-1.57566122
43.277934	-1.58009168
43.280791	-1.5845407
43.2836481	-1.5890084
43.2865051	-1.59349488
43.2893622	-1.59800026
43.2922192	-1.60252463
43.2950763	-1.60706812
43.2979333	-1.61163082
43.3007904	-1.61621285
43.3036474	-1.62081431
43.3065045	-1.62543534
43.3093615	-1.63007602
43.3122186	-1.63473649
43.3150756	-1.63941685
43.3179327	-1.64411722
43.3207897	-1.64883772
43.3236468	-1.65357845
43.3265038	-1.65833955
43.3293609	-1.66312114
43.3322179	-1.66792332
43.335075	-1.67274622
43.337932	-1.67758997
43.3407891	-1.68245468
43.3436461	-1.68734048
43.3465032	-1.6922475
43.3493602	-1.69717585
43.3522173	-1.70212567
43.3550743	-1.70709709
43.3579314	-1.71209023
43.3607884	-1.71710521
43.3636455	-1.72214218
43.3665025	-1.72720127
43.3693596	-1.73228259
43.3722166	-1.7373863
43.3750737	-1.74251252
43.3779307	-1.74766139
43.3807878	-1.75283304
43.3836448	-1.75802762
43.3865019	-1.76324525
43.3893589	-1.76848609
43.392216	-1.77375027
43.395073	-1.77903793
43.3979301	-1.78434922
43.4007872	-1.78968428
43.4036442	-1.79504325
43.4065013	-1.80042629
43.4093583	-1.80583354
43.4122154	-1.81126514
43.4150724	-1.81672125
43.4179295	-1.82220203
43.4207865	-1.82770761
43.4236436	-1.83323815
43.4265006	-1.83879382
43.4293577	-1.84437476
43.4322147	-1.84998114
43.4350718	-1.8556131
43.4379288	-1.86127082
43.4407859	-1.86695444
43.4436429	-1.87266414
43.4465	-1.87840008
43.449357	-1.88416241
43.4522141	-1.88995132
43.4550711	-1.89576696
43.4579282	-1.90160951
43.4607852	-1.90747913
43.4636423	-1.91337599
43.4664993	-1.91930028
43.4693564	-1.92525216
43.4722134	-1.93123181
43.4750705	-1.9372394
43.4779275	-1.94327512
43.4807846	-1.94933915
43.4836416	-1.95543166
43.4864987	-1.96155285
43.4893557	-1.96770289
43.4922128	-1.97388197
43.4950698	-1.98009028
43.4979269	-1.98632801
43.5007839	-1.99259535
43.503641	-1.99889249
43.506498	-2.00521963
43.5093551	-2.01157696
43.5122121	-2.01796469
43.5150692	-2.024383
43.5179262	-2.0308321
43.5207833	-2.03731219
43.5236403	-2.04382348
43.5264974	-2.05036617
43.5293544	-2.05694048
43.5322115	-2.0635466
43.5350685	-2.07018475
43.5379256	-2.07685515
43.5407826	-2.083558
43.5436397	-2.09029353
43.5464967	-2.09706196
43.5493538	-2.1038635
43.5522108	-2.11069838
43.5550679	-2.11756682
43.5579249	-2.12446904
43.560782	-2.13140528
43.563639	-2.13837577
43.5664961	-2.14538074
43.5693532	-2.15242042
43.5722102	-2.15949505
43.5750673	-2.16660487
43.5779243	-2.17375011
43.5807814	-2.18093103
43.5836384	-2.18814786
43.5864955	-2.19540085
43.5893525	-2.20269026
43.5922096	-2.21001633
43.5950666	-2.21737931
43.5979237	-2.22477947
43.6007807	-2.23221706
43.6036378	-2.23969234
43.6064948	-2.24720557
43.6093519	-2.25475702
43.6122089	-2.26234696
43.615066	-2.26997566
43.617923	-2.27764338
43.6207801	-2.28535041
43.6236371	-2.29309702
43.6264942	-2.3008835
43.6293512	-2.30871011
43.6322083	-2.31657716
43.6350653	-2.32448492
43.6379224	-2.33243369
43.6407794	-2.34042376
43.6436365	-2.34845543
43.6464935	-2.35652899
43.6493506	-2.36464475
43.6522076	-2.37280301
43.6550647	-2.38100408
43.6579217	-2.38924826
43.6607788	-2.39753588
43.6636358	-2.40586724
43.6664929	-2.41424266
43.6693499	-2.42266247
43.672207	-2.43112699
43.675064	-2.43963655
43.6779211	-2.44819148
43.6807781	-2.45679211
43.6836352	-2.46543878
43.6864922	-2.47413184
43.6893493	-2.48287162
43.6922063	-2.49165847
43.6950634	-2.50049274
43.6979204	-2.50937479
43.7007775	-2.51830497
43.7036345	-2.52728365
43.7064916	-2.53631119
43.7093486	-2.54538795
43.7122057	-2.55451431
43.7150627	-2.56369064
43.7179198	-2.57291732
43.7207768	-2.58219473
43.7236339	-2.59152327
43.7264909	-2.60090331
43.729348	-2.61033526
43.732205	-2.61981951
43.7350621	-2.62935646
43.7379192	-2.63894652
43.7407762	-2.6485901
43.7436333	-2.65828761
43.7464903	-2.66803947
43.7493474	-2.6778461
43.7522044	-2.68770793
43.7550615	-2.69762539
43.7579185	-2.70759892
43.7607756	-2.71762895
43.7636326	-2.72771593
43.7664897	-2.7378603
43.7693467	-2.74806253
43.7722038	-2.75832307
43.7750608	-2.76864238
43.7779179	-2.77902092
43.7807749	-2.78945918
43.783632	-2.79995763
43.786489	-2.81051675
43.7893461	-2.82113702
43.7922031	-2.83181895
43.7950602	-2.84256302
43.7979172	-2.85336974
43.8007743	-2.86423963
43.8036313	-2.87517318
43.8064884	-2.88617093
43.8093454	-2.89723339
43.8122025	-2.90836109
43.8150595	-2.91955458
43.8179166	-2.93081439
43.8207736	-2.94214106
43.8236307	-2.95353516
43.8264877	-2.96499724
43.8293448	-2.97652787
43.8322018	-2.98812762
43.8350589	-2.99979706
43.8379159	-3.01153678
43.840773	-3.02334737
43.84363	-3.03522942
43.8464871	-3.04718354
43.8493441	-3.05921035
43.8522012	-3.07131044
43.8550582	-3.08348446
43.8579153	-3.09573303
43.8607723	-3.10805678
43.8636294	-3.12045636
43.8664864	-3.13293243
43.8693435	-3.14548564
43.8722005	-3.15811666
43.8750576	-3.17082616
43.8779146	-3.18361482
43.8807717	-3.19648334
43.8836287	-3.20943241
43.8864858	-3.22246274
43.8893428	-3.23557504
43.8921999	-3.24877003
43.8950569	-3.26204844
43.897914	-3.27541101
43.900771	-3.28885849
43.9036281	-3.30239164
43.9064852	-3.31601121
43.9093422	-3.32971798
43.9121993	-3.34351274
43.9150563	-3.35739627
43.9179134	-3.37136938
43.9207704	-3.38543288
43.9236275	-3.39958758
43.9264845	-3.41383433
43.9293416	-3.42817395
43.9321986	-3.4426073
43.9350557	-3.45713524
43.9379127	-3.47175864
43.9407698	-3.48647837
43.9436268	-3.50129535
43.9464839	-3.51621045
43.9493409	-3.53122461
43.952198	-3.54633874
43.955055	-3.56155378
43.9579121	-3.57687068
43.9607691	-3.5922904
43.9636262	-3.6078139
43.9664832	-3.62344219
43.9693403	-3.63917624
43.9721973	-3.65501707
43.9750544	-3.6709657
43.9779114	-3.68702316
43.9807685	-3.7031905
43.9836255	-3.71946879
43.9864826	-3.73585908
43.9893396	-3.75236249
43.9921967	-3.76898009
43.9950537	-3.78571302
43.9979108	-3.80256239
44.0007678	-3.81952936
44.0036249	-3.83661508
44.0064819	-3.85382073
44.009339	-3.87114751
44.012196	-3.8885966
44.0150531	-3.90616924
44.0179101	-3.92386667
44.0207672	-3.94169013
44.0236242	-3.9596409
44.0264813	-3.97772027
44.0293383	-3.99592954
44.0321954	-4.01427003
44.0350524	-4.03274309
44.0379095	-4.05135007
44.0407665	-4.07009234
44.0436236	-4.08897132
44.0464806	-4.1079884
44.0493377	-4.12714502
44.0521947	-4.14644264
44.0550518	-4.16588274
44.0579088	-4.18546679
44.0607659	-4.20519633
44.0636229	-4.22507289
44.06648	-4.24509802
44.069337	-4.2652733
44.0721941	-4.28560034
44.0750512	-4.30608077
44.0779082	-4.32671622
44.0807653	-4.34750837
44.0836223	-4.36845891
44.0864794	-4.38956957
44.0893364	-4.4108421
44.0921935	-4.43227825
44.0950505	-4.45387982
44.0979076	-4.47564864
44.1007646	-4.49758656
44.1036217	-4.51969545
44.1064787	-4.54197721
44.1093358	-4.56443378
44.1121928	-4.58706712
44.1150499	-4.60987921
44.1179069	-4.63287207
44.120764	-4.65604776
44.123621	-4.67940836
44.1264781	-4.70295597
44.1293351	-4.72669275
44.1321922	-4.75062087
44.1350492	-4.77474254
44.1379063	-4.79906
44.1407633	-4.82357554
44.1436204	-4.84829148
44.1464774	-4.87321015
44.1493345	-4.89833396
44.1521915	-4.92366533
44.1550486	-4.94920671
44.1579056	-4.97496062
44.1607627	-5.0009296
44.1636197	-5.02711623
44.1664768	-5.05352314
44.1693338	-5.08015299
44.1721909	-5.1070085
44.1750479	-5.13409243
44.177905	-5.16140756
44.180762	-5.18895676
44.1836191	-5.21674291
44.1864761	-5.24476895
44.1893332	-5.27303788
44.1921902	-5.30155273
44.1950473	-5.3303166
44.1979043	-5.35933262
44.2007614	-5.38860401
44.2036184	-5.41813401
44.2064755	-5.44792591
44.2093325	-5.4779831
44.2121896	-5.50830899
44.2150466	-5.53890707
44.2179037	-5.56978086
44.2207607	-5.60093398
44.2236178	-5.6323701
44.2264748	-5.66409295
44.2293319	-5.69610632
44.2321889	-5.72841408
44.235046	-5.76102016
44.237903	-5.79392858
44.2407601	-5.82714341
44.2436172	-5.8606688
44.2464742	-5.89450898
44.2493313	-5.92866826
44.2521883	-5.96315102
44.2550454	-5.99796173
44.2579024	-6.03310495
44.2607595	-6.06858529
44.2636165	-6.1044075
44.2664736	-6.14057637
44.2693306	-6.17709682
44.2721877	-6.21397383
44.2750447	-6.25121251
44.2779018	-6.28881805
44.2807588	-6.32679573
44.2836159	-6.36515095
44.2864729	-6.40388921
44.28933	-6.44301613
44.292187	-6.48253742
44.2950441	-6.52245891
44.2979011	-6.56278657
44.3007582	-6.60352646
44.3036152	-6.64468477
44.3064723	-6.68626783
44.3093293	-6.72828209
44.3121864	-6.77073412
44.3150434	-6.81363065
44.3179005	-6.85697854
44.3207575	-6.90078479
44.3236146	-6.94505655
44.3264716	-6.98980112
44.3293287	-7.03502596
44.3321857	-7.08073868
44.3350428	-7.12694707
44.3378998	-7.17365907
44.3407569	-7.22088281
44.3436139	-7.26862659
44.346471	-7.31689889
44.349328	-7.36570838
44.3521851	-7.41506392
44.3550421	-7.46497459
44.3578992	-7.51544965
44.3607562	-7.56649858
44.3636133	-7.61813107
44.3664703	-7.67035705
44.3693274	-7.72318667
44.3721844	-7.7766303
44.3750415	-7.83069858
44.3778985	-7.88540239
44.3807556	-7.94075286
44.3836126	-7.99676141
44.3864697	-8.05343969
44.3893267	-8.11079969
44.3921838	-8.16885364
44.3950408	-8.2276141
44.3978979	-8.28709393
44.4007549	-8.34730631
44.403612	-8.40826475
44.406469	-8.4699831
44.4093261	-8.53247557
44.4121832	-8.59575672
44.4150402	-8.65984148
44.4178973	-8.72474517
44.4207543	-8.79048354
44.4236114	-8.85707269
44.4264684	-8.92452921
44.4293255	-8.99287009
44.4321825	-9.06211279
44.4350396	-9.13227524
44.4378966	-9.20337585
44.4407537	-9.27543355
44.4436107	-9.34846777
44.4464678	-9.42249849
44.4493248	-9.49754626
44.4521819	-9.57363219
44.4550389	-9.65077801
44.457896	-9.72900604
44.460753	-9.80833929
44.4636101	-9.88880138
44.4664671	-9.97041668
44.4693242	-10.0532102
44.4721812	-10.1372079
44.4750383	-10.2224361
44.4778953	-10.3089224
44.4807524	-10.3966949
44.4836094	-10.4857828
44.4864665	-10.5762159
44.4893235	-10.6680253
44.4921806	-10.7612427
44.4950376	-10.8559012
44.4978947	-10.9520345
44.5007517	-11.0496779
44.5036088	-11.1488674
44.5064658	-11.2496404
44.5093229	-11.3520355
44.5121799	-11.4560926
44.515037	-11.561853
44.517894	-11.6693591
44.5207511	-11.7786552
44.5236081	-11.8897868
44.5264652	-12.0028011
44.5293222	-12.1177469
44.5321793	-12.2346748
44.5350363	-12.3536372
44.5378934	-12.4746883
44.5407504	-12.5978845
44.5436075	-12.7232839
44.5464645	-12.8509472
44.5493216	-12.9809369
44.5521786	-13.1133183
44.5550357	-13.2481588
44.5578927	-13.3855288
44.5607498	-13.5255012
44.5636068	-13.6681516
44.5664639	-13.813559
44.5693209	-13.9618053
44.572178	-14.1129757
44.575035	-14.267159
44.5778921	-14.4244477
44.5807492	-14.5849379
44.5836062	-14.7487301
44.5864633	-14.9159287
44.5893203	-15.086643
44.5921774	-15.2609868
44.5950344	-15.4390788
44.5978915	-15.6210433
44.6007485	-15.8070099
44.6036056	-15.9971142
44.6064626	-16.191498
44.6093197	-16.3903098
44.6121767	-16.5937048
44.6150338	-16.8018457
44.6178908	-17.0149032
44.6207479	-17.2330559
44.6236049	-17.4564916
44.626462	-17.6854071
44.629319	-17.9200093
44.6321761	-18.1605155
44.6350331	-18.4071542
44.6378902	-18.6601659
44.6407472	-18.9198038
44.6436043	-19.1863345
44.6464613	-19.4600392
44.6493184	-19.7412143
44.6521754	-20.0301728
44.6550325	-20.3272453
44.6578895	-20.6327811
44.6607466	-20.9471499
44.6636036	-21.2707428
44.6664607	-21.6039741
44.6693177	-21.9472831
44.6721748	-22.3011358
44.6750318	-22.666027
44.6778889	-23.0424825
44.6807459	-23.4310614
44.683603	-23.8323592
44.68646	-24.2470098
44.6893171	-24.6756896
44.6921741	-25.1191206
44.6950312	-25.5780738
44.6978882	-26.053374
44.7007453	-26.5459044
44.7036023	-27.0566111
44.7064594	-27.5865093
44.7093164	-28.1366894
44.7121735	-28.7083235
44.7150305	-29.3026737
44.7178876	-29.9211002
44.7207446	-30.5650706
44.7236017	-31.236171
44.7264587	-31.9361171
44.7293158	-32.6667681
44.7321728	-33.4301409
44.7350299	-34.2284271
44.7378869	-35.0640115
44.740744	-35.9394935
44.743601	-36.8577104
44.7464581	-37.8217651
44.7493152	-38.8350566
44.7521722	-39.9013147
44.7550293	-41.0246405
44.7578863	-42.2095515
44.7607434	-43.4610347
44.7636004	-44.7846065
44.7664575	-46.186383
44.7693145	-47.67316
44.7721716	-49.2525075
44.7750286	-50.9328789
44.7778857	-52.7237386
44.7807427	-54.6357127
44.7835998	-56.680766
44.7864568	-58.8724113
44.7893139	-61.2259587
44.7921709	-63.7588131
44.795028	-66.4908307
44.797885	-69.4447495
44.8007421	-72.6467098
44.8035991	-76.1268902
44.8064562	-79.9202853
44.8093132	-84.0676664
44.8121703	-88.6167732
44.8150273	-93.6238047
44.8178844	-99.1552961
44.8207414	-105.290503
44.8235985	-112.124451
44.8264555	-119.771887
44.8293126	-128.372415
44.8321696	-138.097295
44.8350267	-149.158488
44.8378837	-161.820883
44.8407408	-176.419023
44.8435978	-193.380328
44.8464549	-213.257849
44.8493119	-236.777269
44.852169	-264.905658
44.855026	-298.954166
44.8578831	-340.735026
44.8607401	-392.80791
44.8635972	-458.877828
44.8664542	-544.459184
44.8693113	-658.025659
44.8721683	-813.08701
44.8750254	-1032.12512
44.8778824	-1354.47975
44.8807395	-1853.19332
44.8835965	-2673.74664
44.8864536	-4130.80633
44.8893106	-6970.8944
44.8921677	-13116.4615
44.8950247	-27254.6489
44.8978818	-49042.4823
44.9007388	-2247.00766
44.9035959	44212.5827
44.9064529	21274.1378
44.90931	4626.13433
44.912167	-6824.68356
44.9150241	-21562.8683
44.9178812	-50833.4125
44.9207382	-94625.5896
44.9235953	-672.253918
44.9264523	93253.7192
44.9293094	49375.8473
44.9321664	19949.4842
44.9350235	4962.0229
44.9378805	-6873.78106
44.9407376	-24119.1045
44.9435946	-48011.6793
44.9464517	-3152.68389
44.9493087	40767.5053
44.9521658	13337.6378
44.9550228	-13053.307
44.9578799	-47435.7156
44.9607369	-93809.8098
44.963594	-1631.05629
44.966451	90516.8879
44.9693081	44196.5627
44.9721651	10641.3218
44.9750222	-12405.973
44.9778792	-41950.5858
44.9807363	-100500.693
44.9835933	-188042.426
44.9864504	-41.5741221
44.9893074	187962.797
44.9921645	100432.286
44.9950215	41903.3065
44.9978786	12394.2527
45.0007356	-10594.4398
45.0035927	-44051.4398
45.0064497	-90200.383
45.0093068	2264.36247
45.0121638	95074.3858
45.0150209	50077.7615
45.0178779	18994.8311
45.020735	589.937921
45.023592	-19197.5579
45.0264491	-43868.8167
45.0293061	1316.86451
45.0321632	46811.827
45.0350202	23263.9554
45.0378773	6216.8418
45.0407343	-5499.94625
45.0435914	-20413.9795
45.0464484	-49794.6747
45.0493055	-93644.6942
45.0521625	297.09236
45.0550196	94257.6598
45.0578766	50466.2368
45.0607337	21191.2458
45.0635907	6444.15661
45.0664478	-5019.64498
45.0693048	-21684.6042
45.0721619	-44644.0915
45.0750189	1790.0515
45.077876	48555.1461
45.080733	26731.2343
45.0835901	12550.2128
45.0864472	6353.62036
45.0893042	3452.36892
45.0921613	1921.3469
45.0950183	1010.34352
45.0978754	399.481826
45.1007324	-64.2493509
45.1035895	-465.075271
45.1064465	-859.477083
45.1093036	-1297.19905
45.1121606	-1837.01847
45.1150177	-2566.46962
45.1178747	-3637.63282
45.1207318	-5345.78678
45.1235888	-8323.61113
45.1264459	-14066.9852
45.1293029	-26423.4701
45.13216	-54770.1202
45.135017	-98424.1699
45.1378741	-4923.67541
45.1407311	87887.7118
45.1435882	41878.3178
45.1464452	8414.30507
45.1493023	-14707.3062
45.1521593	-44481.8459
45.1550164	-103443.026
45.1578734	-191646.182
45.1607305	-4700.21233
45.1635875	181562.675
45.1664446	90967.3563
45.1693016	26543.2813
45.1721587	-15559.5599
45.1750157	-67254.0779
45.1778728	-144909.261
45.1807298	-98399.8527
45.1835869	85523.1795
45.1864439	130031.572
45.189301	47407.2878
45.192158	-15054.3666
45.1950151	-81324.2694
45.1978721	-202012.935
45.2007292	-379569.159
45.2035862	-6016.40536
45.2064433	366798.091
45.2093003	186788.253
45.2121574	61082.0851
45.2150144	-14782.6731
45.2178715	-97339.6929
45.2207285	-248676.439
45.2235856	-471163.735
45.2264426	-4785.55629
45.2292997	460339.967
45.2321567	233177.612
45.2350138	69928.4308
45.2378708	-41906.3689
45.2407279	-165395.067
45.2435849	-185222.509
45.246442	-92732.6514
45.249299	138024.181
45.2521561	243307.095
45.2550132	95429.0088
45.2578702	-22574.1158
45.2607273	-155435.019
45.2635843	-348730.422
45.2664414	-229019.854
45.2692984	237023.644
45.2721555	359085.605
45.2750125	172210.88
45.2778696	55259.5393
45.2807266	-23982.5039
45.2835837	-124820.43
45.2864407	-277751.785
45.2892978	-181446.643
45.2921548	191609.753
45.2950119	289440.331
45.2978689	140092.86
45.300726	46303.3752
45.303583	-18505.5435
45.3064401	-91711.1777
45.3092971	-111819.375
45.3121542	604.330046
45.3150112	112466.995
45.3178683	89910.7714
45.3207253	9620.59873
45.3235824	-61929.4509
45.3264394	-74570.4967
45.3292965	-119791.223
45.3321535	-116722.284
45.3350106	99983.2749
45.3378676	184307.043
45.3407247	72978.4611
45.3435817	-17396.0034
45.3464388	-99200.9231
45.3492958	-48430.2397
45.3521529	-23721.0734
45.3550099	-88293.0472
45.357867	68927.0249
45.360724	172031.701
45.3635811	78971.7812
45.3664381	9304.93891
45.3692952	-44413.8865
45.3721522	-29213.2424
45.3750093	-25306.1228
45.3778663	-28248.397
45.3807234	42851.753
45.3835804	45841.4719
45.3864375	-27339.7806
45.3892945	-104386.279
45.3921516	-45671.5797
45.3950086	-14799.0181
45.3978657	-151500.786
45.4007227	-930.07014
45.4035798	157838.155
45.4064368	29643.6875
45.4092939	-109792.895
45.4121509	-275910.501
45.415008	-201137.979
45.417865	-38922.7738
45.4207221	-51394.8746
45.4235792	169954.881
45.4264362	293169.144
45.4292933	98989.3179
45.4321503	-71803.9609
45.4350074	-269906.498
45.4378644	-392982.875
45.4407215	-141193.317
45.4435785	235484.159
45.4464356	350519.778
45.4492926	244539.752
45.4521497	67380.5568
45.4550067	-72298.1084
45.4578638	-151738.315
45.4607208	-217903.668
45.4635779	-263012.006
45.4664349	111267.856
45.469292	356372.601
45.472149	127378.764
45.4750061	-75229.3907
45.4778631	-304491.029
45.4807202	-459691.648
45.4835772	-101855.17
45.4864343	228053.492
45.4892913	294900.348
45.4921484	290325.326
45.4950054	71329.1178
45.4978625	-132234.483
45.5007195	-418470.303
45.5035766	-755583.671
45.5064336	-159562.704
45.5092907	637737.772
45.5121477	546846.77
45.5150048	287251.463
45.5178618	85189.2987
45.5207189	-75147.883
45.5235759	-280182.3
45.526433	-406924.889
45.52929	8236.91392
45.5321471	424682.379
45.5350041	302242.083
45.5378612	106156.869
45.5407182	-36623.7479
45.5435753	-201144.704
45.5464323	-339725.902
45.5492894	2165.1711
45.5521464	344729.443
45.5550035	208652.205
45.5578605	50489.0998
45.5607176	-76086.9842
45.5635746	-232120.683
45.5664317	-327268.808
45.5692887	-355615.445
45.5721458	90871.6529
45.5750028	481257.857
45.5778599	276170.477
45.5807169	74113.8173
45.583574	-84195.7401
45.586431	-261991.009
45.5892881	-209822.83
45.5921452	-143762.23
45.5950022	45300.7695
45.5978593	328064.748
45.6007163	221902.85
45.6035734	17301.0582
45.6064304	-83374.7228
45.6092875	-121939.044
45.6121445	-114503.742
45.6150016	17624.7458
45.6178586	75819.3995
45.6207157	72581.5429
45.6235727	-4636.67596
45.6264298	-250553.769
45.6292868	-237291.019
45.6321439	22092.0544
45.6350009	-54742.0562
45.637858	-62555.6834
45.640715	259943.875
45.6435721	265250.275
45.6464291	7282.48979
45.6492862	-268521.774
45.6521432	-531472.325
45.6550003	-226522.909
45.6578573	75990.0628
45.6607144	70948.0659
45.6635714	335460.596
45.6664285	312993.306
45.6692855	-25664.153
45.6721426	-207593.269
45.6749996	-291827.463
45.6778567	-297043.11
45.6807137	100513.276
45.6835708	369664.9
45.6864278	253544.668
45.6892849	36403.4701
45.6921419	-322530.507
45.694999	-366421.43
45.697856	-141395.374
45.7007131	-200173.558
45.7035701	261666.543
45.7064272	654951.852
45.7092842	269198.964
45.7121413	-48764.8182
45.7149983	-358550.002
45.7178554	-466509.871
45.7207124	-328260.061
45.7235695	-37515.7052
45.7264265	488624.911
45.7292836	592644.956
45.7321406	224577.865
45.7349977	-49421.1401
45.7378547	-148118.624
45.7407118	-248581.062
45.7435688	-509503.489
45.7464259	-11285.5004
45.7492829	571111.139
45.75214	324276.887
45.754997	-9755.56946
45.7578541	-225948.91
45.7607112	-176176.936
45.7635682	-124146.858
45.7664253	-193489.061
45.7692823	180277.462
45.7721394	458169.064
45.7749964	215142.923
45.7778535	-58627.838
45.7807105	-342527.691
45.7835676	-413261.3
45.7864246	-198788.717
45.7892817	197262.349
45.7921387	402526.069
45.7949958	328192.244
45.7978528	206863.044
45.8007099	3158.84652
45.8035669	-204882.056
45.806424	-319384.901
45.809281	-193929.184
45.8121381	201008.462
45.8149951	321110.298
45.8178522	120272.933
45.8207092	-31940.6287
45.8235663	-100805.601
45.8264233	-207688.543
45.8292804	-223368.203
45.8321374	-53317.543
45.8349945	191742.933
45.8378515	238129.178
45.8407086	-74356.0261
45.8435656	-404046.108
45.8464227	-282520.958
45.8492797	-188178.795
45.8521368	-249129.278
45.8549938	114117.86
45.8578509	456499.105
45.8607079	354234.441
45.863565	-74319.3236
45.866422	-498147.405
45.8692791	-230081.333
45.8721361	87205.6335
45.8749932	-318847.911
45.8778502	89907.9471
45.8807073	646215.381
45.8835643	321873.254
45.8864214	-95714.8444
45.8892784	-325239.709
45.8921355	-62804.8824
45.8949925	71044.4121
45.8978496	-190119.933
45.9007066	75079.0872
45.9035637	292407.657
45.9064207	-102124.349
45.9092778	-527978.659
45.9121348	-183996.559
45.9149919	157939.916
45.9178489	-208106.168
45.920706	31695.6875
45.923563	491195.342
45.9264201	270036.056
45.9292772	-262396.376
45.9321342	-855951.363
45.9349913	-466907.796
45.9378483	141488.938
45.9407054	-119208.88
45.9435624	409406.907
45.9464195	868555.903
45.9492765	362572.474
45.9521336	-136065.131
45.9549906	-467411.757
45.9578477	-267445.211
45.9607047	155625.71
45.9635618	127497.921
45.9664188	304119.87
45.9692759	424661.428
45.9721329	10734.0226
45.97499	-313255.902
45.977847	-144219.765
45.9807041	-14661.3251
45.9835611	108764.998
45.9864182	348725.797
45.9892752	217498.378
45.9921323	-31837.4357
45.9949893	-379981.116
45.9978464	-511512.928
46.0007034	-165506.169
46.0035605	-56378.8474
46.0064175	36345.7403
46.0092746	484058.026
46.0121316	440284.751
46.0149887	22798.2358
46.0178457	-287207.173
46.0207028	-261623.739
46.0235598	-170484.521
46.0264169	-153188.524
46.0292739	69889.2124
46.032131	412124.648
46.034988	378332.856
46.0378451	-24700.5438
46.0407021	-82568.8603
46.0435592	9975.23972
46.0464162	-150567.255
46.0492733	-113235.354
46.0521303	154353.718
46.0549874	221980.396
46.0578444	-5452.73898
46.0607015	-388257.995
46.0635585	-229218.881
46.0664156	-69683.6376
46.0692726	-206442.633
46.0721297	-70674.5525
46.0749867	325115.172
46.0778438	402658.972
46.0807008	-90975.343
46.0835579	-593628.976
46.0864149	-279897.661
46.089272	-73050.26
46.092129	-257477.386
46.0949861	-23650.1343
46.0978432	407818.889
46.1007002	459717.008
46.1035573	-15897.595
46.1064143	-315184.642
46.1092714	-203445.254
46.1121284	-164651.907
46.1149855	-97353.5996
46.1178425	273676.258
46.1206996	314386.402
46.1235566	-59990.0107
46.1264137	-265349.028
46.1292707	-63285.5877
46.1321278	-231896.721
46.1349848	-320357.395
46.1378419	183663.323
46.1406989	596921.969
46.143556	330556.767
46.146413	-333344.853
46.1492701	-393636.575
46.1521271	81538.0006
46.1549842	-125920.664
46.1578412	-386063.739
46.1606983	262369.869
46.1635553	685929.62
46.1664124	291331.068
46.1692694	-260803.907
46.1721265	-268420.119
46.1749835	54327.7418
46.1778406	-43851.2036
46.1806976	-77744.8724
46.1835547	299826.714
46.1864117	355317.4
46.1892688	-77450.2073
46.1921258	-272567.092
46.1949829	-54410.1722
46.1978399	-106427.591
46.200697	-37115.2203
46.203554	288456.431
46.2064111	388445.647
46.2092681	167586.466
46.2121252	-335409.388
46.2149822	-425978.821
46.2178393	-10850.5684
46.2206963	-101612.729
46.2235534	104051.492
46.2264104	610660.731
46.2292675	420255.721
46.2321245	86793.1344
46.2349816	-275450.843
46.2378386	-291518.848
46.2406957	-5406.48231
46.2435527	-57491.2019
46.2464098	119861.443
46.2492668	430891.765
46.2521239	218807.267
46.2549809	-107035.707
46.257838	-273630.47
46.260695	-114977.512
46.2635521	-77027.9949
46.2664092	13504.847
46.2692662	195028.258
46.2721233	109473.673
46.2749803	-131036.177
46.2778374	-408301.566
46.2806944	-317265.55
46.2835515	-102132.505
46.2864085	-181946.168
46.2892656	20296.7226
46.2921226	413838.57
46.2949797	264373.865
46.2978367	-229216.644
46.3006938	-353331.766
46.3035508	-97949.8056
46.3064079	-234557.911
46.3092649	-300562.008
46.312122	148909.252
46.314979	583434.187
46.3178361	439938.379
46.3206931	-55699.26
46.3235502	-202293.043
46.3264072	-74800.2816
46.3292643	-223172.149
46.3321213	-126547.881
46.3349784	106462.76
46.3378354	111519.338
46.3406925	-105229.911
46.3435495	-185262.018
46.3464066	-178319.634
46.3492636	-407739.135
46.3521207	-259715.763
46.3549777	333708.441
46.3578348	528074.52
46.3606918	9638.78548
46.3635489	-656215.048
46.3664059	-422069.129
46.369263	-39720.5319
46.37212	-549184.734
46.3749771	-324783.397
46.3778341	690592.935
46.3806912	1013634.34
46.3835482	376715.473
46.3864053	-260610.675
46.3892623	-97680.5379
46.3921194	15456.8142
46.3949764	-390657.574
46.3978335	-89195.7845
46.4006905	545452.353
46.4035476	500151.602
46.4064046	30567.3966
46.4092617	21007.6539
46.4121187	104213.909
46.4149758	-294668.842
46.4178328	-279984.103
46.4206899	338609.203
46.4235469	470292.085
46.426404	-47308.804
46.429261	-472057.431
46.4321181	-104800.199
46.4349752	104295.195
46.4378322	-443308.925
46.4406893	-286737.24
46.4435463	574150.813
46.4464034	693619.752
46.4492604	70233.6746
46.4521175	-418046.815
46.4549745	-159620
46.4578316	184497.53
46.4606886	-181232.11
46.4635457	-24594.6498
46.4664027	492541.755
46.4692598	416958.227
46.4721168	40458.5102
46.4749739	-135929.129
46.4778309	-84568.6245
46.480688	15839.8845
46.483545	36528.6133
46.4864021	160691.136
46.4892591	255083.6
46.4921162	-414.622104
46.4949732	-346620.654
46.4978303	-292558.044
46.5006873	-16698.7287
46.5035444	-75958.3512
46.5064014	173267.7
46.5092585	411758.308
46.5121155	115345.703
46.5149726	-253865.617
46.5178296	-526005.035
46.5206867	-385721.391
46.5235437	-74356.046
46.5264008	-113036.144
46.5292578	317481.859
46.5321149	614295.912
46.5349719	95969.8952
46.537829	-391709.205
46.540686	-305395.327
46.5435431	-77794.1673
46.5464001	-149876.147
46.5492572	-17745.6023
46.5521142	385325.813
46.5549713	403923.235
46.5578283	-145638.191
46.5606854	-547083.487
46.5635424	-95399.3479
46.5663995	197112.42
46.5692565	-365847.787
46.5721136	43615.6122
46.5749706	587095.813
46.5778277	124972.298
46.5806847	-415826.628
46.5835418	-464152.168
46.5863988	-80057.0731
46.5892559	-28187.6939
46.5921129	-308492.607
46.59497	340392.746
46.5978271	785586.022
46.6006841	112490.83
46.6035412	-521396.57
46.6063982	-277598.647
46.6092553	31765.6073
46.6121123	-192483.758
46.6149694	-146136.965
46.6178264	390136.059
46.6206835	547719.997
46.6235405	28147.574
46.6263976	-312334.171
46.6292546	-225786.184
46.6321117	-52456.1391
46.6349687	16434.5895
46.6378258	257365.984
46.6406828	332370.198
46.6435399	8560.46189
46.6463969	-217802.422
46.649254	-112707.001
46.652111	-308469.51
46.6549681	-283205.436
46.6578251	258148.484
46.6606822	647211.101
46.6635392	472470.993
46.6663963	-41941.587
46.6692533	-198251.142
46.6721104	2190.68136
46.6749674	-157172.11
46.6778245	-297219.899
46.6806815	149113.15
46.6835386	488182.568
46.6863956	306096.284
46.6892527	56766.0221
46.6921097	-67822.53
46.6949668	-126850.526
46.6978238	-150831.781
46.7006809	-49713.7164
46.7035379	200459.518
46.706395	166372.932
46.709252	-153464.326
46.7121091	-177282.575
46.7149661	-15520.2549
46.7178232	-219807.558
46.7206802	-332452.905
46.7235373	140286.452
46.7263943	502947.485
46.7292514	255822.719
46.7321084	-186008.827
46.7349655	-479365.696
46.7378225	-92497.888
46.7406796	60675.5612
46.7435366	-266455.994
46.7463937	244861.402
46.7492507	622301.191
46.7521078	272230.754
46.7549648	-95699.1077
46.7578219	-370676.72
46.7606789	-167513.399
46.763536	127573.786
46.7663931	-35123.1133
46.7692501	120721.173
46.7721072	239634.688
46.7749642	-167125.499
46.7778213	-469206.455
46.7806783	-259566.126
46.7835354	-124216.477
46.7863924	135288.623
46.7892495	441139.743
46.7921065	238708.175
46.7949636	-76817.3857
46.7978206	-515142.928
46.8006777	-774802.532
46.8035347	-240995.16
46.8063918	-46675.0411
46.8092488	137966.908
46.8121059	787356.115
46.8149629	554057.791
46.81782	-9737.75589
46.820677	-222370.774
46.8235341	-317677.671
46.8263911	-203172.316
46.8292482	892.653112
46.8321052	218609.06
46.8349623	501351.427
46.8378193	272707.215
46.8406764	-191189.769
46.8435334	-106657.587
46.8463905	104082.049
46.8492475	-152068.647
46.8521046	38370.0612
46.8549616	347110.268
46.8578187	177578.78
46.8606757	-130834.808
46.8635328	-384174.839
46.8663898	-263892.001
46.8692469	-96921.1695
46.8721039	-212643.549
46.874961	194328.07
46.877818	595774.781
46.8806751	262732.843
46.8835321	-153489.059
46.8863892	-170602.411
46.8892462	-91592.2516
46.8921033	-322112.909
46.8949603	-238396.04
46.8978174	372654.736
46.9006744	605058.881
46.9035315	263582.587
46.9063885	-55646.6161
46.9092456	-28798.5569
46.9121026	-17631.0855
46.9149597	-185898.068
46.9178167	3654.90632
46.9206738	291200.277
46.9235308	248814.247
46.9263879	32870.1819
46.9292449	-78533.2693
46.932102	-146125.375
46.9349591	-349992.854
46.9378161	-158949.559
46.9406732	319701.873
46.9435302	314794.856
46.9463873	57782.9622
46.9492443	-159852.512
46.9521014	-166149.05
46.9549584	-185039.657
46.9578155	-524700.806
46.9606725	-190751.401
46.9635296	512962.808
46.9663866	461720.775
46.9692437	116942.433
46.9721007	-161260.807
46.9749578	-226632.557
46.9778148	-210004.405
46.9806719	-190814.096
46.9835289	20493.1417
46.986386	330269.127
46.989243	325194.545
46.9921001	13311.6981
46.9949571	-122978.637
46.9978142	-235434.214
47.0006712	-494214.226
47.0035283	9694.63175
47.0063853	524493.491
47.0092424	284120.001
47.0120994	25960.6107
47.0149565	-275696.061
47.0178135	-327901.089
47.0206706	-204592.112
47.0235276	-467397.164
47.0263847	125080.083
47.0292417	769647.343
47.0320988	331279.618
47.0349558	-35466.6967
47.0378129	-372508.852
47.0406699	-403107.97
47.043527	-102379.023
47.046384	-160834.662
47.0492411	227077.795
47.0520981	612772.393
47.0549552	196538.452
47.0578122	-166241.048
47.0606693	-221384.519
47.0635263	-185317.451
47.0663834	-133916.075
47.0692404	125633.849
47.0720975	352047.023
47.0749545	266685.682
47.0778116	-91434.7419
47.0806686	-453358.045
47.0835257	-119119.419
47.0863827	143716.161
47.0892398	-211044.708
47.0920968	196791.503
47.0949539	536618.675
47.0978109	208679.978
47.100668	-83482.6721
47.1035251	-357950.713
47.1063821	-78201.5405
47.1092392	145986.372
47.1120962	-166127.055
47.1149533	131272.964
47.1178103	414260.004
47.1206674	155530.824
47.1235244	-63260.8843
47.1263815	-108606.962
47.1292385	-25173.6492
47.1320956	-38060.3636
47.1349526	20021.7372
47.1378097	172810.069
47.1406667	132390.931
47.1435238	-48584.7457
47.1463808	-241692.083
47.1492379	-188020.368
47.1520949	-115668.692
47.154952	6545.61507
47.157809	295726.522
47.1606661	274789.919
47.1635231	91827.1071
47.1663802	-55055.2441
47.1692372	-219584.038
47.1720943	-317972.201
47.1749513	-346928.163
47.1778084	100963.972
47.1806654	495397.197
47.1835225	299421.547
47.1863795	118303.119
47.1892366	9333.66483
47.1920936	-97358.4341
47.1949507	-257960.055
47.1978077	-327219.57
47.2006648	86401.3301
47.2035218	359813.925
47.2063789	158128.367
47.2092359	3000.37692
47.212093	-144237.615
47.21495	-350787.288
47.2178071	-333966.146
47.2206641	82731.5668
47.2235212	359279.574
47.2263782	244225.061
47.2292353	46505.6949
47.2320923	-116341.469
47.2349494	-250500.585
47.2378064	-517363.572
47.2406635	-684979.876
47.2435205	187043.987
47.2463776	787302.019
47.2492346	376156.405
47.2520917	78893.6073
47.2549487	-140127.212
47.2578058	-238831.837
47.2606628	-279834.968
47.2635199	-318680.956
47.2663769	209569.241
47.269234	558244.672
47.2720911	250362.402
47.2749481	15394.9994
47.2778052	-202117.45
47.2806622	-396015.647
47.2835193	-132133.331
47.2863763	258751.45
47.2892334	310877.527
47.2920904	205744.141
47.2949475	14137.7631
47.2978045	-165877.639
47.3006616	-261898.468
47.3035186	-442812.316
47.3063757	-91360.9615
47.3092327	480641.525
47.3120898	373625.935
47.3149468	122896.233
47.3178039	-70570.8081
47.3206609	-275086.207
47.323518	-262904.059
47.326375	-247821.581
47.3292321	107292.412
47.3320891	492424.751
47.3349462	293501.377
47.3378032	102460.952
47.3406603	-31177.2297
47.3435173	-174151.545
47.3463744	-225180.483
47.3492314	-176816.36
47.3520885	148723.13
47.3549455	349634.881
47.3578026	160101.369
47.3606596	27116.6358
47.3635167	10406.3738
47.3663737	-5729.50412
47.3692308	-112979.754
47.3720878	-88624.0371
47.3749449	76637.8169
47.3778019	92545.6988
47.380659	-39290.0291
47.383516	-94431.9896
47.3863731	-10609.7758
47.3892301	-26264.0459
47.3920872	-131159.113
47.3949442	59873.5366
47.3978013	192904.583
47.4006583	44863.4334
47.4035154	-90372.0955
47.4063724	-72412.8373
47.4092295	-2900.64856
47.4120865	-119744.871
47.4149436	-188571.551
47.4178006	109001.252
47.4206577	279034.448
47.4235147	114613.494
47.4263718	-10446.247
47.4292288	-41650.0506
47.4320859	-83725.4176
47.4349429	-74037.7828
47.4378	-3291.12658
47.4406571	68271.3621
47.4435141	69499.6798
47.4463712	-67701.5397
47.4492282	-63502.7798
47.4520853	-101312.601
47.4549423	-329300.993
47.4577994	8736.31042
47.4606564	357607.218
47.4635135	147889.098
47.4663705	-35677.9032
47.4692276	-196790.185
47.4720846	-85160.276
47.4749417	-32928.4563
47.4777987	-328094.559
47.4806558	-57898.0652
47.4835128	377911.85
47.4863699	266342.188
47.4892269	58056.6995
47.492084	-106102.631
47.494941	-142127.069
47.4977981	-229080.527
47.5006551	-141984.345
47.5035122	151796.314
47.5063692	249803.158
47.5092263	170759.258
47.5120833	-5497.27697
47.5149404	-98457.3165
47.5177974	-260470.465
47.5206545	-584659.321
47.5235115	-87087.2174
47.5263686	554356.547
47.5292256	365095.174
47.5320827	107468.686
47.5349397	-70881.8283
47.5377968	-96501.8381
47.5406538	-185100.116
47.5435109	-417112.224
47.5463679	-27449.4885
47.549225	444940.994
47.552082	304262.628
47.5549391	83534.4478
47.5577961	-85965.1025
47.5606532	-206371.217
47.5635102	-324111.829
47.5663673	-204369.732
47.5692243	268862.802
47.5720814	411716.915
47.5749384	183422.249
47.5777955	26090.3237
47.5806525	-110668.048
47.5835096	-307140.115
47.5863666	-447287.955
47.5892237	-139345.384
47.5920807	375500.213
47.5949378	421089.882
47.5977948	182824.896
47.6006519	22746.0968
47.6035089	-124649.31
47.606366	-313993.925
47.6092231	-188306.182
47.6120801	129846.029
47.6149372	234885.027
47.6177942	150691.302
47.6206513	-36825.194
47.6235083	-64235.8371
47.6263654	-139066.535
47.6292224	-414621.784
47.6320795	15597.8913
47.6349365	457884.774
47.6377936	204892.287
47.6406506	-6034.24735
47.6435077	-177427.778
47.6463647	-67110.2893
47.6492218	-7666.40729
47.6520788	-280226.072
47.6549359	24098.8494
47.6577929	346438.265
47.66065	107713.975
47.663507	-25377.2073
47.6663641	-52331.2258
47.6692211	-15534.1624
47.6720782	-71117.8669
47.6749352	-61086.5954
47.6777923	95119.7347
47.6806493	18529.8095
47.6835064	-233281.805
47.6863634	-214697.571
47.6892205	76657.7028
47.6920775	119800.381
47.6949346	-135266.77
47.6977916	-666.745294
47.7006487	231060.766
47.7035057	16979.8292
47.7063628	-296031.738
47.7092198	-264747.057
47.7120769	110963.014
47.7149339	258990.48
47.717791	60169.3677
47.720648	-23125.3498
47.7235051	60098.5822
47.7263621	-81222.3001
47.7292192	-88967.2854
47.7320762	42684.7779
47.7349333	30849.2991
47.7377903	113002.494
47.7406474	156598.144
47.7435044	-370.78155
47.7463615	-185535.261
47.7492185	-414639.121
47.7520756	-105373.291
47.7549326	247460.674
47.7577897	65039.1134
47.7606467	-178847.465
47.7635038	59249.1389
47.7663608	323426.025
47.7692179	4301.90228
47.7720749	-326942.152
47.774932	-250633.653
47.7777891	-93319.7494
47.7806461	-73136.5172
47.7835032	8565.19416
47.7863602	281232.756
47.7892173	394335.242
47.7920743	61472.0769
47.7949314	-74685.6069
47.7977884	-58749.3677
47.8006455	-260375.583
47.8035025	-462684.818
47.8063596	29211.0782
47.8092166	452259.45
47.8120737	246940.263
47.8149307	-47822.0363
47.8177878	-67325.0251
47.8206448	58441.9925
47.8235019	-154398.025
47.8263589	-333486.389
47.829216	59644.94
47.832073	315548.56
47.8349301	156441.188
47.8377871	-49699.5577
47.8406442	-253848.122
47.8435012	-229389.815
47.8463583	-275293.876
47.8492153	14471.4856
47.8520724	478069.789
47.8549294	353786.031
47.8577865	95277.9003
47.8606435	-28509.9059
47.8635006	-249703.53
47.8663576	-515124.183
47.8692147	-600888.425
47.8720717	125209.403
47.8749288	636127.894
47.8777858	332568.848
47.8806429	60144.8404
47.8834999	24766.4301
47.886357	3422.90896
47.889214	-202361.911
47.8920711	-304707.344
47.8949281	-6325.34828
47.8977852	108500.645
47.9006422	-93782.1558
47.9034993	-72949.1341
47.9063563	101858.78
47.9092134	62131.5061
47.9120704	56706.2585
47.9149275	247124.438
47.9177845	107205.459
47.9206416	-199196.319
47.9234986	-477360.571
47.9263557	-229855.221
47.9292127	175919.258
47.9320698	25979.8766
47.9349268	-111599.434
47.9377839	248084.219
47.9406409	367848.793
47.943498	-8090.2418
47.9463551	-378046.407
47.9492121	-176047.501
47.9520692	138927.619
47.9549262	55994.0473
47.9577833	-102712.848
47.9606403	-29374.4717
47.9634974	16922.6372
47.9663544	-269182.024
47.9692115	-131512.416
47.9720685	313583.542
47.9749256	279883.678
47.9777826	82534.6975
47.9806397	15682.862
47.9834967	-131070.986
47.9863538	-456481.837
47.9892108	-771769.656
47.9920679	-228036.41
47.9949249	659505.248
47.997782	556244.462
48.000639	-28941.262
48.0034961	91527.0897
48.0063531	194948.581
48.0092102	-169849.805
48.0120672	-453338.756
48.0149243	-349848.419
48.0177813	222531.449
48.0206384	330771.435
48.0234954	-119211.241
48.0263525	73219.2861
48.0292095	226696.504
48.0320666	-134017.939
48.0349236	-131134.548
48.0377807	16776.1806
48.0406377	-4894.14623
48.0434948	-35694.778
48.0463518	19418.2829
48.0492089	77813.5074
48.0520659	-116924.686
48.054923	-448671.377
48.05778	-326011.705
48.0606371	191649.526
48.0634941	253670.622
48.0663512	67222.9094
48.0692082	255107.775
48.0720653	226906.736
48.0749223	-622.321298
48.0777794	-321746.474
48.0806364	-401227.848
48.0834935	-43448.7673
48.0863505	46349.2809
48.0892076	145021.017
48.0920646	383524.511
48.0949217	267208.863
48.0977787	80314.3115
48.1006358	19719.2936
48.1034928	-119365.637
48.1063499	-311228.926
48.1092069	-280871.783
48.112064	-84453.2204
48.1149211	163156.802
48.1177781	175431.444
48.1206352	-240587.605
48.1234922	-55592.4586
48.1263493	207794.342
48.1292063	-50245.4676
48.1320634	-94338.804
48.1349204	-63721.2131
48.1377775	-49934.5661
48.1406345	-5582.87031
48.1434916	-283866.654
48.1463486	-86704.0812
48.1492057	92542.67
48.1520627	51245.1533
48.1549198	186292.874
48.1577768	155192.425
48.1606339	84687.7209
48.1634909	-22193.2271
48.166348	45946.4957
48.169205	124389.79
48.1720621	-96033.4396
48.1749191	-199873.947
48.1777762	-185704.35
48.1806332	16486.0883
48.1834903	108204.42
48.1863473	-158095.495
48.1892044	189725.155
48.1920614	300540.256
48.1949185	77960.3731
48.1977755	-133123.179
48.2006326	-365029.532
48.2034896	-233259.384
48.2063467	-205990.649
48.2092037	-322421.442
48.2120608	188623.239
48.2149178	270786.06
48.2177749	19297.302
48.2206319	123500.927
48.223489	126738.407
48.226346	-106567.102
48.2292031	-383782.729
48.2320601	-254962.154
48.2349172	287623.579
48.2377742	217350.168
48.2406313	-279166.175
48.2434883	66921.1083
48.2463454	295450.793
48.2492024	11891.9548
48.2520595	-105913.758
48.2549165	36831.8812
48.2577736	286132.153
48.2606306	187532.64
48.2634877	-261343.881
48.2663447	-225507.5
48.2692018	-259724.36
48.2720588	-319529.931
48.2749159	-68595.7637
48.2777729	240597.468
48.28063	213233.752
48.2834871	187310.01
48.2863441	248402.248
48.2892012	62851.1337
48.2920582	-297891.115
48.2949153	-597445.491
48.2977723	-414202.855
48.3006294	101056.722
48.3034864	46560.4
48.3063435	107734.138
48.3092005	641618.079
48.3120576	413259.267
48.3149146	-40495.1415
48.3177717	-311933.405
48.3206287	-245259.129
48.3234858	-28029.064
48.3263428	-94570.189
48.3291999	-98540.2974
48.3320569	272261.968
48.334914	42220.132
48.337771	-422701.145
48.3406281	7585.44718
48.3434851	452792.122
48.3463422	115722.412
48.3491992	-37278.2723
48.3520563	-65726.6744
48.3549133	48284.7343
48.3577704	-139515.653
48.3606274	-765364.475
48.3634845	-50799.374
48.3663415	559966.566
48.3691986	-3327.95965
48.3720556	961.078472
48.3749127	244028.22
48.3777697	239311.782
48.3806268	22621.9837
48.3834838	-396669.907
48.3863409	-29989.3356
48.3891979	68895.3126
48.392055	-358639.012
48.394912	-398087.125
48.3977691	114610.308
48.4006261	243109.439
48.4034832	119689.064
48.4063402	302163.908
48.4091973	199024.117
48.4120543	-111566.465
48.4149114	-480010.754
48.4177684	-652844.266
48.4206255	-166957.044
48.4234825	-167262.589
48.4263396	-41921.7698
48.4291966	720545.684
48.4320537	333787.945
48.4349107	-45682.4346
48.4377678	20655.9345
48.4406248	-43202.6
48.4434819	-82297.8998
48.4463389	-311099.301
48.449196	-122888.833
48.4520531	326262.279
48.4549101	-135910.077
48.4577672	-307797.782
48.4606242	303174.483
48.4634813	502027.714
48.4663383	-70130.9469
48.4691954	-140104.1
48.4720524	194503.054
48.4749095	-14890.0733
48.4777665	-435823.73
48.4806236	-378023.434
48.4834806	229354.685
48.4863377	177950.997
48.4891947	-564722.25
48.4920518	-33988.3907
48.4949088	650892.544
48.4977659	-151955.245
48.5006229	-429449.219
48.50348	231027.433
48.506337	454178.349
48.5091941	-180024.013
48.5120511	-755902.819
48.5149082	62850.166
48.5177652	693583.046
48.5206223	-234123.435
48.5234793	-223019.117
48.5263364	626306.924
48.5291934	500655.837
48.5320505	-191928.663
48.5349075	-471514.914
48.5377646	137924.978
48.5406216	318357.887
48.5434787	-499856.212
48.5463357	-207062.51
48.5491928	537771.853
48.5520498	3042.1745
48.5549069	-475418.899
48.5577639	-57198.5976
48.560621	275988.696
48.563478	62143.9028
48.5663351	-292432.173
48.5691921	-34755.9621
48.5720492	267540.815
48.5749062	-388816.905
48.5777633	-673003.84
48.5806203	110626.278
48.5834774	499867.04
48.5863344	115100.542
48.5891915	205943.123
48.5920485	408134.392
48.5949056	51258.4728
48.5977626	-463465.579
48.6006197	-249655.407
48.6034767	384201.104
48.6063338	170621.744
48.6091908	-391587.085
48.6120479	210935.497
48.6149049	533423.637
48.617762	-422355.005
48.6206191	-515138.793
48.6234761	217527.984
48.6263332	505473.956
48.6291902	52075.8626
48.6320473	-513624.1
48.6349043	-40315.2557
48.6377614	197457.409
48.6406184	-784129.354
48.6434755	-504482.182
48.6463325	654330.666
48.6491896	485179.031
48.6520466	-235979.913
48.6549037	-136115.971
48.6577607	301460.348
48.6606178	89965.7602
48.6634748	-748920.339
48.6663319	-121977.914
48.6691889	707816.086
48.672046	-125924.439
48.674903	-601829.828
48.6777601	140921.921
48.6806171	599544.899
48.6834742	114379.724
48.6863312	-222002.993
48.6891883	276326.64
48.6920453	509314.644
48.6949024	-398182.706
48.6977594	-836557.703
48.7006165	-11989.1455
48.7034735	266591.97
48.7063306	-311638.3
48.7091876	89412.3158
48.7120447	409459.292
48.7149017	161447.357
48.7177588	-205641.137
48.7206158	-158213.705
48.7234729	323813.49
48.7263299	-142908.316
48.729187	-810452.513
48.732044	10525.683
48.7349011	234083.996
48.7377581	-450561.154
48.7406152	-251151.653
48.7434722	698307.768
48.7463293	927300.771
48.7491863	16843.2403
48.7520434	-346985.314
48.7549004	58535.7551
48.7577575	-44023.8205
48.7606145	-460243.747
48.7634716	-252196.064
48.7663286	378999.272
48.7691857	263811.758
48.7720427	-166052.73
48.7748998	283898.08
48.7777568	281540.117
48.7806139	-87778.4228
48.7834709	-301616.18
48.786328	-76892.901
48.7891851	148600.379
48.7920421	-535725.2
48.7948992	-622061.957
48.7977562	437567.023
48.8006133	460683.786
48.8034703	-83974.0417
48.8063274	-15410.0631
48.8091844	449751.037
48.8120415	428860.143
48.8148985	-476671.1
48.8177556	-586231.063
48.8206126	216483.327
48.8234697	129632.742
48.8263267	-354169.237
48.8291838	149862.353
48.8320408	395436.844
48.8348979	-22457.7969
48.8377549	-262595.5
48.840612	131989.382
48.843469	387442.81
48.8463261	-191356.378
48.8491831	-556286.15
48.8520402	76087.939
48.8548972	15091.6231
48.8577543	-779173.721
48.8606113	-529760.652
48.8634684	761608.08
48.8663254	940315.136
48.8691825	152199.936
48.8720395	47007.4112
48.8748966	194532.736
48.8777536	-63928.5558
48.8806107	-713671.306
48.8834677	-565197.577
48.8863248	392013.429
48.8891818	365409.06
48.8920389	42252.0609
48.8948959	499144.293
48.897753	243434.132
48.90061	-219219.17
48.9034671	-299610.781
48.9063241	51924.2485
48.9091812	205736.39
48.9120382	-357184.253
48.9148953	-427428.543
48.9177523	279787.689
48.9206094	47177.3563
48.9234664	-457173.726
48.9263235	-67029.725
48.9291805	501483.704
48.9320376	358804.344
48.9348946	-175494.478
48.9377517	-139823.399
48.9406087	191725.321
48.9434658	-123347.45
48.9463228	-478430.1
48.9491799	98070.2991
48.9520369	298137.897
48.954894	63767.8385
48.9577511	130281.252
48.9606081	442491.978
48.9634652	299088.162
48.9663222	-245090.737
48.9691793	-172280.698
48.9720363	171717.245
48.9748934	-202731.59
48.9777504	-346618.416
48.9806075	-59080.6151
48.9834645	369611.293
48.9863216	220980.474
48.9891786	-166972.295
48.9920357	154529.379
48.9948927	117671.265
48.9977498	-314027.717
49.0006068	-187966.231
49.0034639	-11661.2237
49.0063209	27881.8395
49.009178	-273737.548
49.012035	-208352.65
49.0148921	425252.447
49.0177491	-69902.0534
49.0206062	-425903.657
49.0234632	301346.87
49.0263203	644300.57
49.0291773	135140.941
49.0320344	-397583.257
49.0348914	-71520.104
49.0377485	461292.706
49.0406055	-156940.376
49.0434626	-585563.132
49.0463196	100563.664
49.0491767	566497.988
49.0520337	88677.4401
49.0548908	-176085.338
49.0577478	220884.17
49.0606049	273820.254
49.0634619	-202476.996
49.066319	-405225.053
49.069176	-149207.328
49.0720331	-143722.753
49.0748901	-373851.007
49.0777472	-41053.4186
49.0806042	444207.901
49.0834613	135619.679
49.0863183	-205978.903
49.0891754	98051.6739
49.0920324	258711.458
49.0948895	-286577.643
49.0977465	-514676.928
49.1006036	-33920.368
49.1034606	407068.812
49.1063177	37614.9011
49.1091747	-45117.6178
49.1120318	464636.924
49.1148888	209901.019
49.1177459	-235817.992
49.1206029	20421.1434
49.12346	223394.645
49.1263171	34097.5068
49.1291741	-294937.105
49.1320312	70995.6509
49.1348882	417619.51
49.1377453	-491617.895
49.1406023	-880146.83
49.1434594	253596.758
49.1463164	777008.426
49.1491735	8593.60333
49.1520305	-59067.3305
49.1548876	440611.191
49.1577446	292861.072
49.1606017	-681450.553
49.1634587	-1174497.94
49.1663158	-18498.8316
49.1691728	657697.968
49.1720299	-53351.6609
49.1748869	393707.565
49.177744	796553.49
49.180601	195842.929
49.1834581	-284038.385
49.1863151	-370632.324
49.1891722	87320.125
49.1920292	98032.0336
49.1948863	-445437.707
49.1977433	42869.2826
49.2006004	456911.203
49.2034574	-181196.458
49.2063145	-281758.039
49.2091715	424490.683
49.2120286	586251.313
49.2148856	-87943.849
49.2177427	-285300.68
49.2205997	-109657.131
49.2234568	-14206.5543
49.2263138	-390723.696
49.2291709	-449796.254
49.2320279	436459.116
49.234885	535446.287
49.237742	-33022.5915
49.2405991	155023.897
49.2434561	193761.719
49.2463132	-68563.5265
49.2491702	-271557.858
49.2520273	-125274.328
49.2548843	125609.044
49.2577414	-117571.314
49.2605984	-310784.438
49.2634555	174719.613
49.2663125	441826.783
49.2691696	-145877.704
49.2720266	-13805.6289
49.2748837	405181.629
49.2777407	111037.921
49.2805978	-290153.632
49.2834548	-584190.051
49.2863119	-133726.156
49.2891689	291724.289
49.292026	-348684.782
49.2948831	58682.1864
49.2977401	597793.857
49.3005972	84510.0021
49.3034542	-12118.2603
49.3063113	32500.8714
49.3091683	81772.8693
49.3120254	-44210.3806
49.3148824	-324951.369
49.3177395	121885.984
49.3205965	242658.22
49.3234536	-408904.241
49.3263106	-170998.273
49.3291677	554905.236
49.3320247	430822.913
49.3348818	-160586.75
49.3377388	-172595.193
49.3405959	202782.648
49.3434529	25769.2932
49.34631	-428504.961
49.349167	-333432.627
49.3520241	163048.653
49.3548811	173844.958
49.3577382	-179162.725
49.3605952	87442.7362
49.3634523	231867.069
49.3663093	-54527.4605
49.3691664	-24306.7127
49.3720234	102087.561
49.3748805	-6984.99475
49.3777375	-237415.593
49.3805946	-351302.527
49.3834516	167797.598
49.3863087	306536.868
49.3891657	-30551.6924
49.3920228	304678.977
49.3948798	438987.22
49.3977369	35922.0293
49.4005939	-210645.733
49.403451	-328025.802
49.406308	-54498.1498
49.4091651	182260.605
49.4120221	76220.9207
49.4148792	317018.638
49.4177362	157023.864
49.4205933	-364666.321
49.4234503	-157754.051
49.4263074	169943.208
49.4291644	-47166.6798
49.4320215	-41627.1885
49.4348785	157239.806
49.4377356	229325.998
49.4405926	-187453.334
49.4434497	-824694.027
49.4463067	-277635.95
49.4491638	581044.744
49.4520208	196409.735
49.4548779	99471.2896
49.4577349	255818.919
49.460592	97134.7765
49.4634491	-77604.3912
49.4663061	-417012.252
49.4691632	-38846.3534
49.4720202	488737.261
49.4748773	152908.264
49.4777343	-139736.128
49.4805914	35649.648
49.4834484	-108411.658
49.4863055	-205244.294
49.4891625	231392.598
49.4920196	422266.705
49.4948766	145628.267
49.4977337	-180187.634
49.5005907	-362992.47
49.5034478	-97051.026
49.5063048	-143218.759
49.5091619	-316912.334
49.5120189	237574.703
49.514876	383384.395
49.517733	57398.5404
49.5205901	-14019.5624
49.5234471	-215419.886
49.5263042	-82365.0207
49.5291612	11035.0298
49.5320183	-131428.983
49.5348753	150054.093
49.5377324	-4575.01615
49.5405894	-75825.1774
49.5434465	252053.37
49.5463035	169445.555
49.5491606	-37845.6937
49.5520176	17573.5601
49.5548747	182683.718
49.5577317	134427.503
49.5605888	-221100.572
49.5634458	-307154.83
49.5663029	31845.7715
49.5691599	279205.531
49.572017	8937.63918
49.574874	-161601.48
49.5777311	112826.868
49.5805881	-65732.215
49.5834452	-111943.284
49.5863022	148002.204
49.5891593	145748.314
49.5920163	162903.05
49.5948734	-89420.1224
49.5977304	-198089.468
49.6005875	-82972.5226
49.6034445	-487873.082
49.6063016	-131070.853
49.6091586	618490.629
49.6120157	484105.569
49.6148727	142630.642
49.6177298	-101600
49.6205868	-26809.836
49.6234439	-72413.9984
49.6263009	-399677.188
49.629158	-105604.811
49.6320151	325335.217
49.6348721	175906.805
49.6377292	-6826.7041
49.6405862	87486.6091
49.6434433	123216.454
49.6463003	-128278.883
49.6491574	4590.38721
49.6520144	231552.935
49.6548715	8445.23311
49.6577285	-323179.982
49.6605856	-310408.914
49.6634426	185088.863
49.6662997	204398.4
49.6691567	-206255.947
49.6720138	172769.382
49.6748708	467539.427
49.6777279	56758.3948
49.6805849	-279874.969
49.683442	-326289.207
49.686299	105884.609
49.6891561	210333.372
49.6920131	-118402.335
49.6948702	101417.496
49.6977272	186706.063
49.7005843	-253270.359
49.7034413	-113111.845
49.7062984	189620.501
49.7091554	215072.169
49.7120125	126006.876
49.7148695	-62563.3256
49.7177266	-26047.0084
49.7205836	-212798.496
49.7234407	-724271.806
49.7262977	-198613.471
49.7291548	695262.928
49.7320118	548432.465
49.7348689	144692.26
49.7377259	-2218.90285
49.740583	-132468.524
49.74344	-343005.676
49.7462971	-504172.917
49.7491541	-64202.6539
49.7520112	512367.75
49.7548682	328622.673
49.7577253	80614.4796
49.7605823	52153.3303
49.7634394	-128688.056
49.7662964	-356117.411
49.7691535	-104544.747
49.7720105	286275.31
49.7748676	245891.235
49.7777246	-58829.7721
49.7805817	-106480.047
49.7834387	66825.881
49.7862958	-103689.667
49.7891528	-389929.541
49.7920099	47067.5593
49.7948669	425308.417
49.797724	174969.98
49.8005811	-34261.1068
49.8034381	-132549.123
49.8062952	-30448.8813
49.8091522	-125588.998
49.8120093	-258333.838
49.8148663	97954.472
49.8177234	154546.375
49.8205804	11244.7852
49.8234375	208869.951
49.8262945	163960.518
49.8291516	-16815.4306
49.8320086	-193469.68
49.8348657	-81438.2315
49.8377227	151428.039
49.8405798	-85282.5698
49.8434368	-183894.552
49.8462939	184848.197
49.8491509	373034.255
49.852008	166271.165
49.854865	-69669.7712
49.8577221	-143347.318
49.8605791	-97727.5014
49.8634362	-93345.7996
49.8662932	-43348.1347
49.8691503	79730.4095
49.8720073	138137.022
49.8748644	-9891.61817
49.8777214	-70835.473
49.8805785	1525.97391
49.8834355	-181335.059
49.8862926	-167117.711
49.8891496	218245.544
49.8920067	257951.346
49.8948637	17727.3692
49.8977208	-201156.39
49.9005778	-44271.9847
49.9034349	167385.696
49.9062919	-79361.726
49.909149	-101526.786
49.912006	198802.571
49.9148631	225912.804
49.9177201	-22450.8206
49.9205772	-97801.912
49.9234342	58540.7273
49.9262913	67737.5135
49.9291483	9677.87556
49.9320054	40098.511
49.9348624	-2603.63571
49.9377195	-150699.793
49.9405765	-251829.364
49.9434336	70538.6932
49.9462906	237329.924
49.9491477	-20151.4206
49.9520047	55138.6139
49.9548618	171976.142
49.9577188	3287.28003
49.9605759	-206408.871
49.9634329	-458788.02
49.96629	-16170.4964
49.9691471	414239.426
49.9720041	138799.741
49.9748612	64042.5011
49.9777182	36680.3667
49.9805753	-150803.05
49.9834323	-234973.604
49.9862894	-129918.016
49.9891464	188246.275
49.9920035	313942.913
49.9948605	124604.874
49.9977176	-22785.7022
50.0005746	-182861.036
50.0034317	-421123.673
50.0062887	-375532.623
50.0091458	139313.463
50.0120028	447255.638
50.0148599	307106.457
50.0177169	110631.967
50.020574	-26130.1392
50.023431	-183467.474
50.0262881	-411769.778
50.0291451	-268926.372
50.0320022	204291.088
50.0348592	324011.709
50.0377163	206239.929
50.0405733	85787.488
50.0434304	-83783.0025
50.0462874	-304623.813
50.0491445	-445488.967
50.0520015	26574.9958
50.0548586	415629.364
50.0577156	182392.941
50.0605727	91097.5051
50.0634297	58966.8897
50.0662868	-135217.734
50.0691438	-407906.884
50.0720009	-459613.783
50.0748579	181829.585
50.077715	541846.414
50.080572	232719.4
50.0834291	86539.5067
50.0862861	89.1684658
50.0891432	-173471.179
50.0920002	-251291.822
50.0948573	-152677.777
50.0977143	141428.098
50.1005714	228709.599
50.1034284	141867.093
50.1062855	105911.66
50.1091425	-58203.5969
50.1119996	-266460.567
50.1148566	-378011.896
50.1177137	57809.3214
50.1205707	328011.953
50.1234278	32847.8903
50.1262848	85078.1826
50.1291419	196703.119
50.1319989	35582.1794
50.134856	-147997.801
50.1377131	-357734.355
50.1405701	-8889.18051
50.1434272	329112.137
50.1462842	101072.733
50.1491413	63188.9404
50.1519983	67277.0735
50.1548554	-70096.2488
50.1577124	-69149.1964
50.1605695	1924.61408
50.1634265	71755.4453
50.1662836	79562.1195
50.1691406	33223.1072
50.1719977	-7992.75949
50.1748547	-145390.655
50.1777118	-252526.508
50.1805688	-98471.6921
50.1834259	190636.355
50.1862829	196346.964
50.18914	14965.1754
50.191997	18081.2266
50.1948541	32994.0969
50.1977111	-114855.582
50.2005682	-142974.27
50.2034252	-39029.3802
50.2062823	137416.234
50.2091393	184680.165
50.2119964	45617.0461
50.2148534	9212.00894
50.2177105	-22493.5237
50.2205675	-143464.058
50.2234246	-61207.9083
50.2262816	90768.1482
50.2291387	105249.654
50.2319957	65359.0535
50.2348528	-34900.8636
50.2377098	-143286.811
50.2405669	-143983.585
50.2434239	-201063.076
50.246281	-149894.274
50.249138	188811.198
50.2519951	260565.115
50.2548521	75154.2299
50.2577092	-90515.099
50.2605662	-271615.638
50.2634233	-222583.281
50.2662803	-174950.15
50.2691374	-94325.3304
50.2719944	289815.225
50.2748515	362944.337
50.2777085	135161.219
50.2805656	-44258.3192
50.2834226	-231801.349
50.2862797	-349985.602
50.2891367	-328334.432
50.2919938	93836.0622
50.2948508	460643.881
50.2977079	308049.024
50.3005649	88821.112
50.303422	-75556.0388
50.3062791	-181863.671
50.3091361	-286799.372
50.3119932	-307957.992
50.3148502	159635.606
50.3177073	429362.708
50.3205643	163351.043
50.3234214	-62045.5776
50.3262784	-306097.206
50.3291355	-479347.052
50.3319925	-145092.652
50.3348496	230955.664
50.3377066	344432.2
50.3405637	317986.36
50.3434207	84820.9374
50.3462778	-124878.748
50.3491348	-413903.913
50.3519919	-752369.652
50.3548489	-156979.978
50.357706	640161.2
50.360563	549581.309
50.3634201	291032.615
50.3662771	91577.6656
50.3691342	-62259.8088
50.3719912	-251379.722
50.3748483	-362845.779
50.3777053	-84790.1972
50.3805624	332576.766
50.3834194	349685.113
50.3862765	143211.243
50.3891335	-4107.63423
50.3919906	-159483.194
50.3948476	-361657.693
50.3977047	-89161.3707
50.4005617	322677.288
50.4034188	249672.573
50.4062758	80435.9838
50.4091329	-46823.7836
50.4119899	-181861.826
50.414847	-240092.364
50.417704	-384169.057
50.4205611	-144206.608
50.4234181	383978.398
50.4262752	370953.801
50.4291322	132271.728
50.4319893	-52210.8389
50.4348463	-232562.749
50.4377034	-161609.582
50.4405604	-74766.0314
50.4434175	-91877.8247
50.4462745	193547.951
50.4491316	301378.679
50.4519886	81697.7236
50.4548457	-111284.225
50.4577027	-159056.895
50.4605598	-85731.8589
50.4634168	39445.6229
50.4662739	94195.1767
50.4691309	100245.173
50.471988	53103.4656
50.4748451	-163397.223
50.4777021	-425526.426
50.4805592	-166151
50.4834162	32394.2597
50.4862733	-4836.68859
50.4891303	287621.127
50.4919874	283781.215
50.4948444	29726.0988
50.4977015	-237657.452
50.5005585	-562543.637
50.5034156	-250482.115
50.5062726	52049.3115
50.5091297	39934.1231
50.5119867	366427.606
50.5148438	335597.037
50.5177008	-6895.16545
50.5205579	-179566.184
50.5234149	-233590.246
50.526272	-209122.635
50.529129	-86504.1137
50.5319861	183430.544
50.5348431	344156.594
50.5377002	100548.214
50.5405572	-281914.12
50.5434143	-319174.422
50.5462713	-51819.2937
50.5491284	-67471.6347
50.5519854	-18824.0524
50.5548425	375098.348
50.5576995	404245.482
50.5605566	46645.6063
50.5634136	-297352.339
50.5662707	-404180.399
50.5691277	-310828.014
50.5719848	7032.30674
50.5748418	326484.446
50.5776989	425476.708
50.5805559	332380.871
50.583413	33010.662
50.58627	-165990.95
50.5891271	-276328.611
50.5919841	-465108.657
50.5948412	33036.3748
50.5976982	543381.73
50.6005553	307047.468
50.6034123	63482.4363
50.6062694	-214669.494
50.6091264	-310576.609
50.6119835	-192849.695
50.6148405	-132882.291
50.6176976	218723.432
50.6205546	480356.446
50.6234117	236592.593
50.6262687	-22882.5597
50.6291258	-277032.623
50.6319828	-394653.05
50.6348399	-386768.716
50.6376969	78136.6683
50.640554	482670.026
50.6434111	378980.06
50.6462681	233323.765
50.6491252	25044.9592
50.6519822	-171736.28
50.6548393	-273157.126
50.6576963	-286045.65
50.6605534	108828.522
50.6634104	367146.824
50.6662675	153127.338
50.6691245	-10257.7468
50.6719816	-74254.4193
50.6748386	-167975.268
50.6776957	-245374.036
50.6805527	-143310.919
50.6834098	172973.184
50.6862668	286418.176
50.6891239	-27959.8822
50.6919809	-348124.054
50.694838	-268506.445
50.697695	-135082.667
50.7005521	-301803.612
50.7034091	10051.8701
50.7062662	350240.777
50.7091232	304828.541
50.7119803	83570.4497
50.7148373	-346861.956
50.7176944	-375602.024
50.7205514	-48259.5145
50.7234085	-152416.768
50.7262655	104158.756
50.7291226	496699.165
50.7319796	312560.073
50.7348367	51470.875
50.7376937	-173565.001
50.7405508	-277942.44
50.7434078	-152524.505
50.7462649	-70991.4132
50.7491219	161624.243
50.751979	355393.122
50.754836	-26146.8218
50.7576931	-496964.907
50.7605501	-278710.454
50.7634072	-7121.61705
50.7662642	-243881.624
50.7691213	110291.164
50.7719783	535964.271
50.7748354	292313.991
50.7776924	-246724.536
50.7805495	-836531.573
50.7834065	-441778.276
50.7862636	97162.2572
50.7891206	-163452.883
50.7919777	434844.967
50.7948347	888754.827
50.7976918	380201.924
50.8005488	-108620.327
50.8034059	-409489.955
50.8062629	-179702.998
50.80912	-31495.4511
50.8119771	-58798.3839
50.8148341	394692.915
50.8176912	488777.635
50.8205482	51320.664
50.8234053	-266054.835
50.8262623	-54731.2321
50.8291194	117861.409
50.8319764	-172104.414
50.8348335	68041.836
50.8376905	350625.951
50.8405476	58847.6909
50.8434046	-330588.68
50.8462617	-466806.016
50.8491187	-93038.7231
50.8519758	52261.3378
50.8548328	-120706.785
50.8576899	265557.522
50.8605469	516081.787
50.863404	172815.617
50.866261	-212045.184
50.8691181	-399951.066
50.8719751	-302327.555
50.8748322	-65153.2527
50.8776892	143983.564
50.8805463	321113.759
50.8834033	355796.063
50.8862604	97874.3642
50.8891174	-116003.74
50.8919745	-111676.478
50.8948315	-140041.825
50.8976886	-44597.9154
50.9005456	205930.796
50.9034027	190638.244
50.9062597	-40541.1798
50.9091168	-350866.061
50.9119738	-184801.253
50.9148309	-18644.9862
50.9176879	-296256.085
50.920545	-161415.052
50.923402	372415.873
50.9262591	437003.972
50.9291161	-67202.2191
50.9319732	-563335.054
50.9348302	-220492.917
50.9376873	15552.7511
50.9405443	-444057.615
50.9434014	-209612.311
50.9462584	498511.293
50.9491155	523569.038
50.9519725	23501.5722
50.9548296	-271666.594
50.9576866	-124156.068
50.9605437	-47102.7176
50.9634007	-318495.692
50.9662578	66695.3724
50.9691148	485955.358
50.9719719	110698.204
50.9748289	-394065.351
50.977686	-171575.697
50.9805431	-6697.59334
50.9834001	-215566.384
50.9862572	-146171.18
50.9891142	417621.33
50.9919713	607752.564
50.9948283	-56866.9672
50.9976854	-716825.632
51.0005424	-250636.462
51.0033995	115870.613
51.0062565	-175251.394
51.0091136	140548.541
51.0119706	556391.913
51.0148277	472988.099
51.0176847	-69241.1736
51.0205418	-523571.03
51.0233988	-214715.406
51.0262559	94718.8581
51.0291129	15225.8905
51.03197	349694.289
51.034827	399215.628
51.0376841	-18779.0651
51.0405411	-271571.196
51.0433982	-192938.574
51.0462552	-177185.696
51.0491123	21687.7063
51.0519693	324217.66
51.0548264	405494.023
51.0576834	177872.546
51.0605405	-325782.779
51.0633975	-411342.838
51.0662546	18961.7085
51.0691116	-56921.4859
51.0719687	11382.5919
51.0748257	518652.262
51.0776828	467270.406
51.0805398	121936.132
51.0833969	-248772.867
51.0862539	-253523.326
51.089111	61432.6075
51.091968	-37615.1286
51.0948251	-66421.5931
51.0976821	314500.565
51.1005392	303881.786
51.1033962	-46419.3259
51.1062533	-225459.949
51.1091103	-42591.3242
51.1119674	29553.6239
51.1148244	-147936.318
51.1176815	-32405.6533
51.1205385	165581.026
51.1233956	-26948.5568
51.1262526	-407862.863
51.1291097	-327296.06
51.1319667	-26857.3883
51.1348238	-92504.1431
51.1376808	-100037.899
51.1405379	304203.452
51.1433949	395123.128
51.146252	-81937.5928
51.1491091	-493539.107
51.1519661	-306701.476
51.1548232	-147705.476
51.1576802	-152491.115
51.1605373	54643.9901
51.1633943	477682.961
51.1662514	555702.892
51.1691084	56825.7434
51.1719655	-320242.044
51.1748225	-199959.23
51.1776796	-138151.983
51.1805366	-57773.7818
51.1833937	83507.7472
51.1862507	82230.4691
51.1891078	-60745.3496
51.1919648	-127720.803
51.1948219	-98379.1034
51.1976789	-453362.247
51.200536	-443291.306
51.203393	289170.815
51.2062501	610003.022
51.2091071	69621.3899
51.2119642	-597645.658
51.2148212	-322370.918
51.2176783	131386.733
51.2205353	-592254.643
51.2233924	-611897.357
51.2262494	406846.493
51.2291065	983355.132
51.2319635	580123.254
51.2348206	-106316.647
51.2376776	-105489.526
51.2405347	25214.8275
51.2433917	-356885.516
51.2462488	-192304.614
51.2491058	436134.146
51.2519629	522316.008
51.2548199	97345.143
51.257677	-14226.3853
51.260534	125484.959
51.2633911	-202179.576
51.2662481	-256450.176
51.2691052	298144.624
51.2719622	449957.245
51.2748193	30448.2053
51.2776763	-455891.693
51.2805334	-311434.873
51.2833904	29260.9154
51.2862475	-315807.35
51.2891045	-183192.601
51.2919616	512747.979
51.2948186	628910.069
51.2976757	161239.597
51.3005327	-322102.867
51.3033898	-287102.515
51.3062468	49934.6386
51.3091039	-112268.997
51.3119609	20905.4654
51.314818	514767.272
51.3176751	431729.714
51.3205321	57517.46
51.3233892	-104904.47
51.3262462	-39292.2438
51.3291033	-76662.3627
51.3319603	-55733.7464
51.3348174	206796.293
51.3376744	287946.644
51.3405315	20624.7512
51.3433885	-322675.205
51.3462456	-248581.015
51.3491026	57631.7623
51.3519597	-123480.527
51.3548167	-9682.86576
51.3576738	371459.56
51.3605308	209370.539
51.3633879	-174507.622
51.3662449	-517404.324
51.369102	-348988.276
51.371959	6909.75146
51.3748161	-145250.37
51.3776731	77020.4707
51.3805302	516050.094
51.3833872	285976.198
51.3862443	-207662.885
51.3891013	-403409.516
51.3919584	-147813.662
51.3948154	-117081.592
51.3976725	-53245.4817
51.4005295	255966.765
51.4033866	326635.397
51.4062436	63001.6406
51.4091007	-342846.305
51.4119577	-342196.611
51.4148148	-62158.0416
51.4176718	-209348.431
51.4205289	164646.701
51.4233859	603337.757
51.426243	141235.57
51.4291	-376545.158
51.4319571	-406239.997
51.4348141	-238311.203
51.4376712	-198103.887
51.4405282	-212749.197
51.4433853	402677.325
51.4462423	816293.397
51.4490994	133903.975
51.4519564	-494607.949
51.4548135	-237933.326
51.4576705	9070.59341
51.4605276	-284241.915
51.4633846	-168700.168
51.4662417	430216.009
51.4690987	575707.012
51.4719558	53056.5437
51.4748128	-272440.853
51.4776699	-163927.023
51.4805269	-119712.895
51.483384	-116312.807
51.4862411	270362.582
51.4890981	418544.416
51.4919552	94367.2494
51.4948122	-265321.329
51.4976693	-121025.693
51.5005263	-119155.168
51.5033834	-353506.324
51.5062404	-100290.149
51.5090975	564863.132
51.5119545	650594.36
51.5148116	93433.3128
51.5176686	-233590.051
51.5205257	-22532.7261
51.5233827	-4623.80637
51.5262398	-268791.014
51.5290968	-110401.608
51.5319539	370415.043
51.5348109	461637.611
51.537668	105824.133
51.540525	-121327.289
51.5433821	-115432.589
51.5462391	-67310.9959
51.5490962	-41138.4924
51.5519532	139195.014
51.5548103	196792.564
51.5576673	-30410.849
51.5605244	-261606.996
51.5633814	-172593.487
51.5662385	-243692.786
51.5690955	-311130.983
51.5719526	200617.763
51.5748096	543469.348
51.5776667	295263.478
51.5805237	-129785.767
51.5833808	-479770.914
51.5862378	-231812.142
51.5890949	-10446.572
51.5919519	-207647.757
51.594809	281078.1
51.597666	640561.431
51.6005231	285337.782
51.6033801	-79284.086
51.6062372	-339729.577
51.6090942	-121873.98
51.6119513	35928.2646
51.6148083	-125799.854
51.6176654	169692.464
51.6205224	277908.084
51.6233795	-135039.518
51.6262365	-420460.601
51.6290936	-157423.556
51.6319506	30640.1047
51.6348077	-189543.689
51.6376647	120993.971
51.6405218	410970.351
51.6433788	56570.3127
51.6462359	-492046.935
51.6490929	-741161.256
51.65195	-67399.4513
51.6548071	193251.67
51.6576641	-313885.352
51.6605212	345246.084
51.6633782	831433.421
51.6662353	225471.696
51.6690923	-333314.034
51.6719494	-440945.617
51.6748064	-15627.7152
51.6776635	201018.022
51.6805205	-20481.0168
51.6833776	267335.031
51.6862346	492933.947
51.6890917	26835.3883
51.6919487	-348664.606
51.6948058	-154440.624
51.6976628	2586.7311
51.7005199	153822.371
51.7033769	349656.553
51.706234	172525.774
51.709091	-44134.4825
51.7119481	-278864.313
51.7148051	-443534.717
51.7176622	-280698.505
51.7205192	-122846.492
51.7233763	253912.034
51.7262333	625084.205
51.7290904	283177.589
51.7319474	-128007.09
51.7348045	-133614.155
51.7376615	-108769.921
51.7405186	-324796.738
51.7433756	-310016.03
51.7462327	293722.558
51.7490897	656532.724
51.7519468	298618.329
51.7548038	-33218.6271
51.7576609	-2300.30335
51.7605179	21394.7419
51.763375	-209336.653
51.766232	-88940.9798
51.7690891	267615.521
51.7719461	287500.731
51.7748032	58712.0044
51.7776602	-57370.1649
51.7805173	-113677.768
51.7833743	-304302.278
51.7862314	-251457.901
51.7890884	227226.89
51.7919455	360563.651
51.7948025	90239.3271
51.7976596	-139166.351
51.8005166	-142077.371
51.8033737	-139618.857
51.8062307	-457314.35
51.8090878	-329076.05
51.8119448	377032.651
51.8148019	538494.898
51.8176589	186929.269
51.820516	-99887.6015
51.8233731	-312371.006
51.8262301	-299351.34
51.8290872	-143544.507
51.8319442	53739.4903
51.8348013	351794.405
51.8376583	351107.879
51.8405154	51822.3933
51.8433724	-147018.337
51.8462295	-328886.47
51.8490865	-519194.299
51.8519436	45852.5728
51.8548006	545256.357
51.8576577	293963.702
51.8605147	31806.6514
51.8633718	-270425.241
51.8662288	-320203.011
51.8690859	-189281.761
51.8719429	-444525.923
51.8748	79538.7519
51.877657	724992.649
51.8805141	357362.378
51.8833711	-12380.362
51.8862282	-346607.791
51.8890852	-366213.092
51.8919423	-119422.44
51.8947993	-162812.125
51.8976564	157143.961
51.9005134	537349.731
51.9033705	255381.524
51.9062275	-114675.941
51.9090846	-160418.637
51.9119416	-102107.205
51.9147987	-243714.849
51.9176557	30459.9608
51.9205128	326930.493
51.9233698	223115.003
51.9262269	-10740.0478
51.9290839	-383472.178
51.931941	-121953.482
51.934798	147872.177
51.9376551	-278698.123
51.9405121	121101.986
51.9433692	592373.777
51.9462262	252144.377
51.9490833	-41631.1221
51.9519403	-308287.934
51.9547974	-169118.433
51.9576544	53770.797
51.9605115	-121231.157
51.9633685	161311.095
51.9662256	429583.425
51.9690826	167473.42
51.9719397	-46154.4087
51.9747967	-85191.9473
51.9776538	-71079.8819
51.9805108	-84138.3866
51.9833679	42848.5337
51.9862249	188635.037
51.989082	141630.88
51.9919391	-39302.9535
51.9947961	-225733.965
51.9976532	-164943.651
52.0005102	-161327.481
52.0033673	-38671.1078
52.0062243	320298.518
52.0090814	293926.58
52.0119384	107571.218
52.0147955	-31991.8237
52.0176525	-172220.704
52.0205096	-232317.629
52.0233666	-376383.754
52.0262237	-134717.544
52.0290807	397666.137
52.0319378	393853.507
52.0347948	176282.834
52.0376519	41708.9056
52.0405089	-66169.8764
52.043366	-216408.742
52.046223	-349030.135
52.0490801	-4810.737
52.0519371	337937.2
52.0547942	199815.943
52.0576512	35528.0803
52.0605083	-107178.838
52.0633653	-303343.232
52.0662224	-426072.049
52.0690794	-10296.0012
52.0719365	403358.727
52.0747935	273028.589
52.0776506	59395.899
52.0805076	-109949.579
52.0833647	-246714.324
52.0862217	-514622.131
52.0890788	-682547.515
52.0919358	189637.977
52.0947929	790530.01
52.0976499	380739.965
52.100507	86270.3441
52.103364	-126609.719
52.1062211	-211139.342
52.1090781	-230264.357
52.1119352	-315730.652
52.1147922	166392.167
52.1176493	538666.113
52.1205063	248855.626
52.1233634	28710.0553
52.1262204	-165967.474
52.1290775	-322777.396
52.1319345	-83405.539
52.1347916	214353.441
52.1376486	242867.554
52.1405057	177163.364
52.1433627	13839.5583
52.1462198	-138124.427
52.1490768	-184011.559
52.1519339	-310546.415
52.1547909	-279261.178
52.157648	247914.396
52.1605051	441048.997
52.1633621	180369.09
52.1662192	-26145.2359
52.1690762	-212217.315
52.1719333	-136034.862
52.1747903	-41232.4896
52.1776474	-124122.729
52.1805044	168096.067
52.1833615	359410.299
52.1862185	165202.852
52.1890756	17624.784
52.1919326	-105502.534
52.1947897	-88611.1281
52.1976467	59942.201
52.2005038	59846.6477
52.2033608	75357.3287
52.2062179	118622.478
52.2090749	36769.9984
52.211932	-34547.3057
52.214789	-33181.5616
52.2176461	-38910.0568
52.2205031	26851.8764
52.2233602	99937.0215
52.2262172	40092.0964
52.2290743	-10649.4349
52.2319313	-67128.0497
52.2347884	-149210.34
52.2376454	-122194.425
52.2405025	-48041.8729
52.2433595	94725.0841
52.2462166	182464.309
52.2490736	83957.9491
52.2519307	14770.3773
52.2547877	-43193.966
52.2576448	-122051.484
52.2605018	-165901.381
52.2633589	-92736.825
52.2662159	118487.09
52.269073	198934.833
52.27193	93455.4391
52.2747871	23183.0445
52.2776441	-31344.3267
52.2805012	-99702.073
52.2833582	-117249.779
52.2862153	-3192.76487
52.2890723	110291.289
52.2919294	90744.144
52.2947864	17858.7142
52.2976435	-46755.7608
52.3005005	-140420.987
52.3033576	-289685.613
52.3062146	-191797.8
52.3090717	181299.35
52.3119287	277634.271
52.3147858	124725.17
52.3176428	23904.1993
52.3204999	-55324.6999
52.3233569	-172265.696
52.326214	-359132.169
52.3290711	-237063.544
52.3319281	228985.393
52.3347852	348700.445
52.3376422	155408.772
52.3404993	22550.9973
52.3433563	-95449.4836
52.3462134	-243325.321
52.3490704	-138040.48
52.3519275	92718.0115
52.3547845	185209.306
52.3576416	165383.115
52.3604986	41895.5116
52.3633557	-69938.3264
52.3662127	-233186.659
52.3690698	-460348.262
52.3719268	4777.92876
52.3747839	471156.703
52.3776409	248669.941
52.380498	97333.6742
52.383355	14777.086
52.3862121	-61087.2825
52.3890691	-186793.097
52.3919262	-366802.615
52.3947832	6012.17277
52.3976403	379565.193
52.4004973	202009.212
52.4033544	81320.7686
52.4062114	15051.0702
52.4090685	-47410.3962
52.4119255	-130034.508
52.4147826	-85525.9547
52.4176396	98397.2253
52.4204967	144906.77
52.4233537	67251.7146
52.4262108	15557.3146
52.4290678	-26545.4168
52.4319249	-90969.3894
52.4347819	-181564.613
52.437639	4698.36384
52.440496	191644.417
52.4433531	103441.339
52.4462101	44480.2323
52.4490672	14705.7614
52.4519242	-8415.78523
52.4547813	-41879.7371
52.4576383	-87889.0738
52.4604954	4922.36741
52.4633524	98422.9129
52.4662095	54768.9114
52.4690665	26422.3068
52.4719236	14065.865
52.4747806	8322.53176
52.4776377	5344.74612
52.4804947	3636.62887
52.4833518	2565.50055
52.4862088	1836.08254
52.4890659	1296.29464
52.4919229	858.602673
52.49478	464.229432
52.4976371	63.4307453
52.5004941	-400.274457
52.5033512	-1011.11136
52.5062082	-1922.09107
52.5090653	-3453.09046
52.5119223	-6354.32026
52.5147794	-12550.892
52.5176364	-26731.8937
52.5204935	-48555.7865
52.5233505	-1790.6737
52.5262076	44643.4867
52.5290646	21684.0162
52.5319217	5019.07305
52.5347787	-6444.7131
52.5376358	-21191.7874
52.5404928	-50466.7642
52.5433499	-94258.1734
52.5462069	-297.592808
52.549064	93644.2065
52.551921	49794.1992
52.5547781	20413.5158
52.5576351	5499.49395
52.5604922	-6217.28312
52.5633492	-23264.3861
52.5662063	-46812.2475
52.5690633	-1317.27514
52.5719204	43868.4156
52.5747774	19197.166
52.5776345	-590.320888
52.5804915	-18995.2055
52.5833486	-50078.1275
52.5862056	-95074.7438
52.5890627	-2264.7126
52.5919197	90200.0404
52.5947768	44051.1045
52.5976338	10594.1117
52.6004909	-12394.574
52.6033479	-41903.6211
52.606205	-100432.594
52.609062	-187963.099
52.6119191	41.2783993
52.6147761	188042.136
52.6176332	100500.409
52.6204902	41950.3074
52.6233473	12405.7
52.6262043	-10641.5896
52.6290614	-44196.8253
52.6319184	-90517.1456
52.6347755	1630.80348
52.6376325	93809.5617
52.6404896	47435.4721
52.6433466	13053.068
52.6462037	-13337.8725
52.6490607	-40767.7358
52.6519178	3152.45757
52.6547748	48011.457
52.6576319	24118.8862
52.6604889	6873.56649
52.663346	-4962.23374
52.6662031	-19949.6914
52.6690601	-49376.0509
52.6719172	-93253.9194
52.6747742	672.057067
52.6776313	94625.3961
52.6804883	50833.2222
52.6833454	21562.6811
52.6862024	6824.49939
52.6890595	-4626.31551
52.6919165	-21274.3161
52.6947736	-44212.7581
52.6976306	2246.83505
52.7004877	49042.3124
52.7033447	27254.4817
52.7062018	13116.2969
52.7090588	6970.73231
52.7119159	4130.64673
52.7147729	2673.58948
52.71763	1853.03853
52.720487	1354.32729
52.7233441	1031.97495
52.7262011	812.939064
52.7290582	657.879898
52.7319152	544.31556
52.7347723	458.736298
52.7376293	392.668429
52.7404864	340.597554
52.7433434	298.81866
52.7462005	264.772079
52.7490575	236.645578
52.7519146	213.128008
52.7547716	193.252301
52.7576287	176.292773
52.7604857	161.696375
52.7633428	149.035689
52.7661998	137.976172
52.7690569	128.252935
52.7719139	119.654018
52.774771	112.008163
52.777628	105.175765
52.7804851	99.0420803
52.7833421	93.5120821
52.7861992	88.5065159
52.7890562	83.9588473
52.7919133	79.812878
52.7947703	76.0208689
52.7976274	72.5420493
52.8004844	69.3414252
52.8033415	66.3888186
52.8061985	63.6580897
52.8090556	61.1265012
52.8119126	58.7741973
52.8147697	56.5837736
52.8176267	54.5399206
52.8204838	52.6291259
52.8233408	50.8394253
52.8261979	49.1601931
52.8290549	47.5819652
52.831912	46.0962888
52.8347691	44.6955944
52.8376261	43.3730863
52.8404832	42.1226491
52.8433402	40.9387667
52.8461973	39.8164525
52.8490543	38.7511893
52.8519114	37.7388764
52.8547684	36.7757843
52.8576255	35.8585144
52.8604825	34.9839641
52.8633396	34.1492964
52.8661966	33.3519123
52.8690537	32.5894272
52.8719107	31.85965
52.8747678	31.1605638
52.8776248	30.4903099
52.8804819	29.8471727
52.8833389	29.2295666
52.886196	28.636024
52.889053	28.0651851
52.8919101	27.5157881
52.8947671	26.986661
52.8976242	26.4767137
52.9004812	25.9849313
52.9033383	25.5103678
52.9061953	25.0521403
52.9090524	24.6094243
52.9119094	24.1814488
52.9147665	23.767492
52.9176235	23.3668781
52.9204806	22.9789728
52.9233376	22.6031813
52.9261947	22.2389444
52.9290517	21.8857366
52.9319088	21.5430632
52.9347658	21.2104584
52.9376229	20.8874832
52.9404799	20.5737233
52.943337	20.2687877
52.946194	19.972307
52.9490511	19.683932
52.9519081	19.4033323
52.9547652	19.1301951
52.9576222	18.8642239
52.9604793	18.6051379
52.9633363	18.3526705
52.9661934	18.1065686
52.9690504	17.866592
52.9719075	17.6325123
52.9747645	17.4041121
52.9776216	17.1811848
52.9804786	16.9635337
52.9833357	16.7509711
52.9861927	16.5433186
52.9890498	16.3404055
52.9919068	16.1420693
52.9947639	15.9481548
52.9976209	15.7585137
53.000478	15.5730042
53.0033351	15.391491
53.0061921	15.2138443
53.0090492	15.0399403
53.0119062	14.86966
53.0147633	14.7028898
53.0176203	14.5395207
53.0204774	14.3794482
53.0233344	14.2225719
53.0261915	14.0687958
53.0290485	13.9180275
53.0319056	13.7701783
53.0347626	13.625163
53.0376197	13.4828999
53.0404767	13.34331
53.0433338	13.2063178
53.0461908	13.0718504
53.0490479	12.9398376
53.0519049	12.810212
53.054762	12.6829084
53.057619	12.5578643
53.0604761	12.4350192
53.0633331	12.3143149
53.0661902	12.1956952
53.0690472	12.0791059
53.0719043	11.9644947
53.0747613	11.851811
53.0776184	11.7410061
53.0804754	11.6320329
53.0833325	11.5248458
53.0861895	11.4194009
53.0890466	11.3156554
53.0919036	11.2135684
53.0947607	11.1130998
53.0976177	11.0142113
53.1004748	10.9168655
53.1033318	10.8210263
53.1061889	10.7266586
53.1090459	10.6337286
53.111903	10.5422035
53.11476	10.4520513
53.1176171	10.3632413
53.1204741	10.2757434
53.1233312	10.1895288
53.1261882	10.1045691
53.1290453	10.0208371
53.1319023	9.93830622
53.1347594	9.85695068
53.1376164	9.77674548
53.1404735	9.69766632
53.1433305	9.61968957
53.1461876	9.54279231
53.1490446	9.46695222
53.1519017	9.39214763
53.1547587	9.31835745
53.1576158	9.24556119
53.1604728	9.17373889
53.1633299	9.10287115
53.1661869	9.03293909
53.169044	8.96392432
53.1719011	8.89580895
53.1747581	8.82857555
53.1776152	8.76220716
53.1804722	8.69668724
53.1833293	8.63199969
53.1861863	8.56812882
53.1890434	8.50505933
53.1919004	8.44277632
53.1947575	8.38126525
53.1976145	8.32051194
53.2004716	8.26050258
53.2033286	8.20122369
53.2061857	8.1426621
53.2090427	8.08480499
53.2118998	8.02763984
53.2147568	7.9711544
53.2176139	7.91533676
53.2204709	7.86017526
53.223328	7.80565851
53.226185	7.75177541
53.2290421	7.69851511
53.2318991	7.64586699
53.2347562	7.5938207
53.2376132	7.5423661
53.2404703	7.49149331
53.2433273	7.44119264
53.2461844	7.39145465
53.2490414	7.34227008
53.2518985	7.2936299
53.2547555	7.24552525
53.2576126	7.19794748
53.2604696	7.15088814
53.2633267	7.10433894
53.2661837	7.05829178
53.2690408	7.01273872
53.2718978	6.96767202
53.2747549	6.92308407
53.2776119	6.87896743
53.280469	6.83531481
53.283326	6.7921191
53.2861831	6.7493733
53.2890401	6.70707056
53.2918972	6.6652042
53.2947542	6.62376764
53.2976113	6.58275444
53.3004683	6.54215832
53.3033254	6.50197308
53.3061824	6.46219267
53.3090395	6.42281115
53.3118965	6.38382272
53.3147536	6.34522165
53.3176106	6.30700236
53.3204677	6.26915936
53.3233247	6.23168727
53.3261818	6.1945808
53.3290388	6.1578348
53.3318959	6.12144417
53.3347529	6.08540393
53.33761	6.04970919
53.3404671	6.01435516
53.3433241	5.97933712
53.3461812	5.94465046
53.3490382	5.91029063
53.3518953	5.87625318
53.3547523	5.84253374
53.3576094	5.80912802
53.3604664	5.77603179
53.3633235	5.74324092
53.3661805	5.71075135
53.3690376	5.67855907
53.3718946	5.64666016
53.3747517	5.61505077
53.3776087	5.58372711
53.3804658	5.55268547
53.3833228	5.52192217
53.3861799	5.49143364
53.3890369	5.46121634
53.391894	5.4312668
53.394751	5.40158161
53.3976081	5.37215742
53.4004651	5.34299092
53.4033222	5.31407888
53.4061792	5.2854181
53.4090363	5.25700547
53.4118933	5.22883788
53.4147504	5.20091232
53.4176074	5.1732258
53.4204645	5.14577539
53.4233215	5.11855821
53.4261786	5.09157141
53.4290356	5.0648122
53.4318927	5.03827785
53.4347497	5.01196564
53.4376068	4.98587292
53.4404638	4.95999707
53.4433209	4.93433551
53.4461779	4.90888571
53.449035	4.88364517
53.451892	4.85861144
53.4547491	4.8337821
53.4576061	4.80915476
53.4604632	4.78472709
53.4633202	4.76049678
53.4661773	4.73646155
53.4690343	4.71261917
53.4718914	4.68896743
53.4747484	4.66550416
53.4776055	4.64222723
53.4804625	4.61913452
53.4833196	4.59622398
53.4861766	4.57349354
53.4890337	4.55094121
53.4918907	4.52856499
53.4947478	4.50636294
53.4976048	4.48433312
53.5004619	4.46247365
53.5033189	4.44078264
53.506176	4.41925827
53.5090331	4.39789871
53.5118901	4.37670218
53.5147472	4.3556669
53.5176042	4.33479115
53.5204613	4.31407321
53.5233183	4.29351139
53.5261754	4.27310402
53.5290324	4.25284946
53.5318895	4.23274609
53.5347465	4.21279232
53.5376036	4.19298658
53.5404606	4.1733273
53.5433177	4.15381295
53.5461747	4.13444204
53.5490318	4.11521307
53.5518888	4.09612456
53.5547459	4.07717508
53.5576029	4.05836319
53.56046	4.03968749
53.563317	4.02114658
53.5661741	4.00273908
53.5690311	3.98446366
53.5718882	3.96631896
53.5747452	3.94830368
53.5776023	3.93041652
53.5804593	3.91265618
53.5833164	3.89502141
53.5861734	3.87751095
53.5890305	3.86012357
53.5918875	3.84285806
53.5947446	3.82571321
53.5976016	3.80868784
53.6004587	3.79178077
53.6033157	3.77499085
53.6061728	3.75831695
53.6090298	3.74175793
53.6118869	3.72531268
53.6147439	3.70898011
53.617601	3.69275913
53.620458	3.67664867
53.6233151	3.66064768
53.6261721	3.64475511
53.6290292	3.62896993
53.6318862	3.61329112
53.6347433	3.59771768
53.6376003	3.58224862
53.6404574	3.56688296
53.6433144	3.55161973
53.6461715	3.53645797
53.6490285	3.52139674
53.6518856	3.5064351
53.6547426	3.49157214
53.6575997	3.47680694
53.6604567	3.4621386
53.6633138	3.44756624
53.6661708	3.43308897
53.6690279	3.41870594
53.6718849	3.40441628
53.674742	3.39021914
53.6775991	3.37611369
53.6804561	3.3620991
53.6833132	3.34817456
53.6861702	3.33433926
53.6890273	3.32059239
53.6918843	3.30693317
53.6947414	3.29336083
53.6975984	3.27987458
53.7004555	3.26647367
53.7033125	3.25315734
53.7061696	3.23992486
53.7090266	3.22677548
53.7118837	3.21370847
53.7147407	3.20072313
53.7175978	3.18781873
53.7204548	3.17499458
53.7233119	3.16224998
53.7261689	3.14958425
53.729026	3.13699669
53.731883	3.12448665
53.7347401	3.11205346
53.7375971	3.09969647
53.7404542	3.08741501
53.7433112	3.07520846
53.7461683	3.06307617
53.7490253	3.05101751
53.7518824	3.03903188
53.7547394	3.02711865
53.7575965	3.01527721
53.7604535	3.00350697
53.7633106	2.99180732
53.7661676	2.98017769
53.7690247	2.96861749
53.7718817	2.95712614
53.7747388	2.94570308
53.7775958	2.93434775
53.7804529	2.92305958
53.7833099	2.91183802
53.786167	2.90068253
53.789024	2.88959258
53.7918811	2.87856762
53.7947381	2.86760713
53.7975952	2.85671059
53.8004522	2.84587748
53.8033093	2.83510729
53.8061663	2.82439951
53.8090234	2.81375364
53.8118804	2.80316919
53.8147375	2.79264566
53.8175945	2.78218258
53.8204516	2.77177945
53.8233086	2.76143581
53.8261657	2.75115119
53.8290227	2.74092511
53.8318798	2.73075712
53.8347368	2.72064676
53.8375939	2.71059359
53.8404509	2.70059714
53.843308	2.69065699
53.8461651	2.68077269
53.8490221	2.67094381
53.8518792	2.66116992
53.8547362	2.65145059
53.8575933	2.64178541
53.8604503	2.63217396
53.8633074	2.62261582
53.8661644	2.61311059
53.8690215	2.60365786
53.8718785	2.59425724
53.8747356	2.58490833
53.8775926	2.57561073
53.8804497	2.56636405
53.8833067	2.55716792
53.8861638	2.54802195
53.8890208	2.53892576
53.8918779	2.52987898
53.8947349	2.52088125
53.897592	2.51193219
53.900449	2.50303144
53.9033061	2.49417864
53.9061631	2.48537343
53.9090202	2.47661548
53.9118772	2.46790441
53.9147343	2.4592399
53.9175913	2.45062159
53.9204484	2.44204915
53.9233054	2.43352225
53.9261625	2.42504054
53.9290195	2.4166037
53.9318766	2.4082114
53.9347336	2.39986333
53.9375907	2.39155915
53.9404477	2.38329855
53.9433048	2.37508122
53.9461618	2.36690685
53.9490189	2.35877512
53.9518759	2.35068574
53.954733	2.34263839
53.95759	2.33463279
53.9604471	2.32666862
53.9633041	2.3187456
53.9661612	2.31086343
53.9690182	2.30302183
53.9718753	2.29522051
53.9747323	2.28745918
53.9775894	2.27973756
53.9804464	2.27205538
53.9833035	2.26441236
53.9861605	2.25680822
53.9890176	2.24924269
53.9918746	2.24171551
53.9947317	2.2342264
53.9975887	2.2267751
54.0004458	2.21936136
54.0033028	2.21198491
54.0061599	2.20464549
54.0090169	2.19734285
54.011874	2.19007674
54.0147311	2.18284691
54.0175881	2.1756531
54.0204452	2.16849507
54.0233022	2.16137259
54.0261593	2.1542854
54.0290163	2.14723327
54.0318734	2.14021596
54.0347304	2.13323323
54.0375875	2.12628485
54.0404445	2.1193706
54.0433016	2.11249023
54.0461586	2.10564353
54.0490157	2.09883026
54.0518727	2.09205021
54.0547298	2.08530315
54.0575868	2.07858886
54.0604439	2.07190713
54.0633009	2.06525774
54.066158	2.05864048
54.069015	2.05205512
54.0718721	2.04550147
54.0747291	2.03897932
54.0775862	2.03248845
54.0804432	2.02602866
54.0833003	2.01959975
54.0861573	2.01320152
54.0890144	2.00683377
54.0918714	2.00049629
54.0947285	1.9941889
54.0975855	1.98791139
54.1004426	1.98166358
54.1032996	1.97544527
54.1061567	1.96925626
54.1090137	1.96309639
54.1118708	1.95696544
54.1147278	1.95086325
54.1175849	1.94478963
54.1204419	1.93874438
54.123299	1.93272734
54.126156	1.92673833
54.1290131	1.92077716
54.1318701	1.91484365
54.1347272	1.90893764
54.1375842	1.90305895
54.1404413	1.89720741
54.1432983	1.89138284
54.1461554	1.88558508
54.1490124	1.87981396
54.1518695	1.87406931
54.1547265	1.86835097
54.1575836	1.86265876
54.1604406	1.85699254
54.1632977	1.85135213
54.1661547	1.84573739
54.1690118	1.84014814
54.1718688	1.83458423
54.1747259	1.8290455
54.1775829	1.8235318
54.18044	1.81804298
54.1832971	1.81257888
54.1861541	1.80713935
54.1890112	1.80172424
54.1918682	1.79633339
54.1947253	1.79096668
54.1975823	1.78562393
54.2004394	1.78030502
54.2032964	1.77500979
54.2061535	1.76973811
54.2090105	1.76448982
54.2118676	1.75926479
54.2147246	1.75406288
54.2175817	1.74888395
54.2204387	1.74372785
54.2232958	1.73859447
54.2261528	1.73348364
54.2290099	1.72839526
54.2318669	1.72332917
54.234724	1.71828524
54.237581	1.71326335
54.2404381	1.70826337
54.2432951	1.70328515
54.2461522	1.69832858
54.2490092	1.69339353
54.2518663	1.68847987
54.2547233	1.68358747
54.2575804	1.67871621
54.2604374	1.67386597
54.2632945	1.66903661
54.2661515	1.66422803
54.2690086	1.65944009
54.2718656	1.65467268
54.2747227	1.64992568
54.2775797	1.64519897
54.2804368	1.64049243
54.2832938	1.63580595
54.2861509	1.6311394
54.2890079	1.62649268
54.291865	1.62186567
54.294722	1.61725825
54.2975791	1.61267032
54.3004361	1.60810176
54.3032932	1.60355246
54.3061502	1.59902231
54.3090073	1.5945112
54.3118643	1.59001903
54.3147214	1.58554567
54.3175784	1.58109104
54.3204355	1.57665502
54.3232925	1.5722375
54.3261496	1.56783839
54.3290066	1.56345757
54.3318637	1.55909495
54.3347207	1.55475042
54.3375778	1.55042388
54.3404348	1.54611523
54.3432919	1.54182437
54.3461489	1.5375512
54.349006	1.53329562
54.3518631	1.52905753
54.3547201	1.52483684
54.3575772	1.52063344
54.3604342	1.51644725
54.3632913	1.51227817
54.3661483	1.5081261
54.3690054	1.50399094
54.3718624	1.49987261
54.3747195	1.49577102
54.3775765	1.49168606
54.3804336	1.48761765
54.3832906	1.48356571
54.3861477	1.47953013
54.3890047	1.47551082
54.3918618	1.47150771
54.3947188	1.4675207
54.3975759	1.4635497
54.4004329	1.45959463
54.40329	1.4556554
54.406147	1.45173193
54.4090041	1.44782412
54.4118611	1.4439319
54.4147182	1.44005518
54.4175752	1.43619388
54.4204323	1.43234791
54.4232893	1.42851719
54.4261464	1.42470164
54.4290034	1.42090118
54.4318605	1.41711573
54.4347175	1.41334521
54.4375746	1.40958953
54.4404316	1.40584863
54.4432887	1.40212241
54.4461457	1.39841081
54.4490028	1.39471375
54.4518598	1.39103114
54.4547169	1.38736291
54.4575739	1.38370899
54.460431	1.38006931
54.463288	1.37644377
54.4661451	1.37283232
54.4690021	1.36923488
54.4718592	1.36565137
54.4747162	1.36208173
54.4775733	1.35852587
54.4804303	1.35498373
54.4832874	1.35145523
54.4861444	1.34794031
54.4890015	1.34443889
54.4918585	1.34095091
54.4947156	1.33747629
54.4975726	1.33401497
54.5004297	1.33056688
54.5032867	1.32713194
54.5061438	1.32371009
54.5090008	1.32030127
54.5118579	1.3169054
54.5147149	1.31352243
54.517572	1.31015227
54.5204291	1.30679488
54.5232861	1.30345018
54.5261432	1.30011811
54.5290002	1.2967986
54.5318573	1.29349159
54.5347143	1.29019702
54.5375714	1.28691483
54.5404284	1.28364494
54.5432855	1.28038731
54.5461425	1.27714186
54.5489996	1.27390853
54.5518566	1.27068727
54.5547137	1.26747802
54.5575707	1.2642807
54.5604278	1.26109528
54.5632848	1.25792167
54.5661419	1.25475983
54.5689989	1.2516097
54.571856	1.24847121
54.574713	1.24534432
54.5775701	1.24222895
54.5804271	1.23912506
54.5832842	1.23603259
54.5861412	1.23295148
54.5889983	1.22988167
54.5918553	1.22682312
54.5947124	1.22377576
54.5975694	1.22073953
54.6004265	1.21771439
54.6032835	1.21470028
54.6061406	1.21169714
54.6089976	1.20870493
54.6118547	1.20572358
54.6147117	1.20275304
54.6175688	1.19979327
54.6204258	1.19684421
54.6232829	1.1939058
54.6261399	1.190978
54.628997	1.18806076
54.631854	1.18515401
54.6347111	1.18225772
54.6375681	1.17937183
54.6404252	1.17649629
54.6432822	1.17363105
54.6461393	1.17077606
54.6489963	1.16793128
