111.827756	-2.83637453
111.830613	-2.84328572
111.833469	-2.8502217
111.836325	-2.8571826
111.839181	-2.86416853
111.842037	-2.87117962
111.844893	-2.87821598
111.847749	-2.88527775
111.850606	-2.89236503
111.853462	-2.89947797
111.856318	-2.90661667
111.859174	-2.91378128
111.86203	-2.92097191
111.864886	-2.9281887
111.867742	-2.93543177
111.870599	-2.94270125
111.873455	-2.94999727
111.876311	-2.95731996
111.879167	-2.96466945
111.882023	-2.97204588
111.884879	-2.97944938
111.887735	-2.98688009
111.890591	-2.99433813
111.893448	-3.00182365
111.896304	-3.00933677
111.89916	-3.01687765
111.902016	-3.02444641
111.904872	-3.0320432
111.907728	-3.03966815
111.910584	-3.04732141
111.913441	-3.05500312
111.916297	-3.06271342
111.919153	-3.07045246
111.922009	-3.07822038
111.924865	-3.08601732
111.927721	-3.09384344
111.930577	-3.10169888
111.933433	-3.10958379
111.93629	-3.11749831
111.939146	-3.12544261
111.942002	-3.13341682
111.944858	-3.1414211
111.947714	-3.14945561
111.95057	-3.15752051
111.953426	-3.16561593
111.956283	-3.17374205
111.959139	-3.18189902
111.961995	-3.19008699
111.964851	-3.19830613
111.967707	-3.2065566
111.970563	-3.21483856
111.973419	-3.22315217
111.976275	-3.23149759
111.979132	-3.239875
111.981988	-3.24828455
111.984844	-3.25672641
111.9877	-3.26520075
111.990556	-3.27370774
111.993412	-3.28224755
111.996268	-3.29082036
111.999125	-3.29942633
112.001981	-3.30806563
112.004837	-3.31673845
112.007693	-3.32544496
112.010549	-3.33418533
112.013405	-3.34295974
112.016261	-3.35176838
112.019118	-3.36061143
112.021974	-3.36948906
112.02483	-3.37840146
112.027686	-3.38734882
112.030542	-3.39633131
112.033398	-3.40534913
112.036254	-3.41440247
112.03911	-3.42349151
112.041967	-3.43261645
112.044823	-3.44177748
112.047679	-3.45097478
112.050535	-3.46020857
112.053391	-3.46947902
112.056247	-3.47878635
112.059103	-3.48813074
112.06196	-3.4975124
112.064816	-3.50693153
112.067672	-3.51638834
112.070528	-3.52588302
112.073384	-3.53541579
112.07624	-3.54498684
112.079096	-3.5545964
112.081952	-3.56424467
112.084809	-3.57393185
112.087665	-3.58365817
112.090521	-3.59342384
112.093377	-3.60322907
112.096233	-3.61307409
112.099089	-3.6229591
112.101945	-3.63288434
112.104802	-3.64285002
112.107658	-3.65285637
112.110514	-3.66290361
112.11337	-3.67299198
112.116226	-3.68312169
112.119082	-3.69329298
112.121938	-3.70350608
112.124794	-3.71376122
112.127651	-3.72405864
112.130507	-3.73439858
112.133363	-3.74478127
112.136219	-3.75520696
112.139075	-3.76567589
112.141931	-3.77618829
112.144787	-3.78674442
112.147644	-3.79734452
112.1505	-3.80798885
112.153356	-3.81867765
112.156212	-3.82941117
112.159068	-3.84018967
112.161924	-3.85101341
112.16478	-3.86188264
112.167636	-3.87279763
112.170493	-3.88375863
112.173349	-3.89476592
112.176205	-3.90581975
112.179061	-3.91692039
112.181917	-3.92806812
112.184773	-3.9392632
112.187629	-3.95050591
112.190486	-3.96179653
112.193342	-3.97313533
112.196198	-3.98452259
112.199054	-3.9959586
112.20191	-4.00744364
112.204766	-4.01897799
112.207622	-4.03056194
112.210479	-4.04219579
112.213335	-4.05387983
112.216191	-4.06561434
112.219047	-4.07739964
112.221903	-4.08923601
112.224759	-4.10112376
112.227615	-4.1130632
112.230471	-4.12505462
112.233328	-4.13709835
112.236184	-4.14919468
112.23904	-4.16134393
112.241896	-4.17354643
112.244752	-4.18580247
112.247608	-4.1981124
112.250464	-4.21047652
112.253321	-4.22289518
112.256177	-4.23536868
112.259033	-4.24789737
112.261889	-4.26048157
112.264745	-4.27312162
112.267601	-4.28581787
112.270457	-4.29857065
112.273313	-4.3113803
112.27617	-4.32424717
112.279026	-4.33717161
112.281882	-4.35015397
112.284738	-4.36319461
112.287594	-4.37629388
112.29045	-4.38945215
112.293306	-4.40266977
112.296163	-4.41594711
112.299019	-4.42928454
112.301875	-4.44268244
112.304731	-4.45614117
112.307587	-4.46966111
112.310443	-4.48324265
112.313299	-4.49688616
112.316155	-4.51059204
112.319012	-4.52436067
112.321868	-4.53819244
112.324724	-4.55208776
112.32758	-4.56604703
112.330436	-4.58007063
112.333292	-4.59415899
112.336148	-4.6083125
112.339005	-4.62253158
112.341861	-4.63681665
112.344717	-4.65116813
112.347573	-4.66558643
112.350429	-4.68007198
112.353285	-4.69462522
112.356141	-4.70924657
112.358998	-4.72393648
112.361854	-4.73869538
112.36471	-4.75352371
112.367566	-4.76842193
112.370422	-4.78339048
112.373278	-4.79842981
112.376134	-4.8135404
112.37899	-4.8287227
112.381847	-4.84397717
112.384703	-4.85930429
112.387559	-4.87470453
112.390415	-4.89017836
112.393271	-4.90572628
112.396127	-4.92134877
112.398983	-4.93704631
112.40184	-4.95281941
112.404696	-4.96866855
112.407552	-4.98459425
112.410408	-5.00059701
112.413264	-5.01667734
112.41612	-5.03283576
112.418976	-5.04907279
112.421832	-5.06538895
112.424689	-5.08178477
112.427545	-5.09826079
112.430401	-5.11481755
112.433257	-5.13145558
112.436113	-5.14817544
112.438969	-5.16497768
112.441825	-5.18186286
112.444682	-5.19883153
112.447538	-5.21588427
112.450394	-5.23302165
112.45325	-5.25024424
112.456106	-5.26755264
112.458962	-5.28494742
112.461818	-5.30242917
112.464674	-5.31999851
112.467531	-5.33765602
112.470387	-5.35540232
112.473243	-5.37323802
112.476099	-5.39116375
112.478955	-5.40918012
112.481811	-5.42728777
112.484667	-5.44548734
112.487524	-5.46377946
112.49038	-5.48216478
112.493236	-5.50064397
112.496092	-5.51921767
112.498948	-5.53788655
112.501804	-5.5566513
112.50466	-5.57551257
112.507516	-5.59447106
112.510373	-5.61352746
112.513229	-5.63268247
112.516085	-5.65193678
112.518941	-5.67129111
112.521797	-5.69074618
112.524653	-5.7103027
112.527509	-5.72996141
112.530366	-5.74972304
112.533222	-5.76958834
112.536078	-5.78955806
112.538934	-5.80963295
112.54179	-5.82981378
112.544646	-5.85010131
112.547502	-5.87049634
112.550359	-5.89099964
112.553215	-5.91161201
112.556071	-5.93233425
112.558927	-5.95316717
112.561783	-5.97411159
112.564639	-5.99516832
112.567495	-6.01633821
112.570351	-6.03762209
112.573208	-6.05902081
112.576064	-6.08053523
112.57892	-6.10216621
112.581776	-6.12391463
112.584632	-6.14578136
112.587488	-6.16776731
112.590344	-6.18987336
112.593201	-6.21210043
112.596057	-6.23444942
112.598913	-6.25692128
112.601769	-6.27951693
112.604625	-6.30223732
112.607481	-6.32508339
112.610337	-6.34805613
112.613193	-6.37115648
112.61605	-6.39438545
112.618906	-6.41774402
112.621762	-6.44123319
112.624618	-6.46485398
112.627474	-6.48860741
112.63033	-6.5124945
112.633186	-6.53651631
112.636043	-6.56067389
112.638899	-6.58496831
112.641755	-6.60940063
112.644611	-6.63397194
112.647467	-6.65868335
112.650323	-6.68353596
112.653179	-6.70853089
112.656035	-6.73366927
112.658892	-6.75895225
112.661748	-6.78438098
112.664604	-6.80995664
112.66746	-6.83568039
112.670316	-6.86155344
112.673172	-6.88757698
112.676028	-6.91375223
112.678885	-6.94008043
112.681741	-6.96656282
112.684597	-6.99320065
112.687453	-7.0199952
112.690309	-7.04694774
112.693165	-7.07405957
112.696021	-7.10133201
112.698878	-7.12876638
112.701734	-7.15636402
112.70459	-7.18412628
112.707446	-7.21205453
112.710302	-7.24015015
112.713158	-7.26841454
112.716014	-7.29684912
112.71887	-7.32545532
112.721727	-7.35423457
112.724583	-7.38318835
112.727439	-7.41231812
112.730295	-7.44162538
112.733151	-7.47111164
112.736007	-7.50077842
112.738863	-7.53062727
112.74172	-7.56065976
112.744576	-7.59087745
112.747432	-7.62128195
112.750288	-7.65187486
112.753144	-7.68265782
112.756	-7.71363249
112.758856	-7.74480053
112.761712	-7.77616362
112.764569	-7.80772348
112.767425	-7.83948184
112.770281	-7.87144044
112.773137	-7.90360105
112.775993	-7.93596546
112.778849	-7.96853548
112.781705	-8.00131293
112.784562	-8.03429968
112.787418	-8.06749758
112.790274	-8.10090854
112.79313	-8.13453447
112.795986	-8.16837732
112.798842	-8.20243905
112.801698	-8.23672164
112.804554	-8.2712271
112.807411	-8.30595747
112.810267	-8.3409148
112.813123	-8.37610119
112.815979	-8.41151873
112.818835	-8.44716956
112.821691	-8.48305584
112.824547	-8.51917977
112.827404	-8.55554354
112.83026	-8.5921494
112.833116	-8.62899962
112.835972	-8.6660965
112.838828	-8.70344235
112.841684	-8.74103953
112.84454	-8.77889042
112.847396	-8.81699744
112.850253	-8.85536302
112.853109	-8.89398964
112.855965	-8.93287981
112.858821	-8.97203605
112.861677	-9.01146093
112.864533	-9.05115707
112.867389	-9.09112708
112.870246	-9.13137364
112.873102	-9.17189945
112.875958	-9.21270724
112.878814	-9.25379979
112.88167	-9.29517991
112.884526	-9.33685043
112.887382	-9.37881425
112.890239	-9.42107428
112.893095	-9.46363348
112.895951	-9.50649484
112.898807	-9.54966141
112.901663	-9.59313625
112.904519	-9.6369225
112.907375	-9.6810233
112.910231	-9.72544186
112.913088	-9.77018143
112.915944	-9.81524529
112.9188	-9.86063679
112.921656	-9.90635929
112.924512	-9.95241622
112.927368	-9.99881106
112.930224	-10.0455473
112.933081	-10.0926286
112.935937	-10.1400585
112.938793	-10.1878406
112.941649	-10.2359788
112.944505	-10.2844768
112.947361	-10.3333383
112.950217	-10.3825673
112.953073	-10.4321678
112.95593	-10.4821437
112.958786	-10.532499
112.961642	-10.5832378
112.964498	-10.6343644
112.967354	-10.685883
112.97021	-10.7377977
112.973066	-10.7901131
112.975923	-10.8428334
112.978779	-10.8959633
112.981635	-10.9495071
112.984491	-11.0034695
112.987347	-11.0578553
112.990203	-11.1126691
112.993059	-11.1679158
112.995915	-11.2236002
112.998772	-11.2797273
113.001628	-11.3363022
113.004484	-11.39333
113.00734	-11.4508158
113.010196	-11.508765
113.013052	-11.5671829
113.015908	-11.6260749
113.018765	-11.6854466
113.021621	-11.7453035
113.024477	-11.8056514
113.027333	-11.866496
113.030189	-11.9278432
113.033045	-11.989699
113.035901	-12.0520695
113.038758	-12.1149608
113.041614	-12.1783791
113.04447	-12.2423308
113.047326	-12.3068224
113.050182	-12.3718605
113.053038	-12.4374517
113.055894	-12.5036028
113.05875	-12.5703207
113.061607	-12.6376124
113.064463	-12.705485
113.067319	-12.7739458
113.070175	-12.8430022
113.073031	-12.9126615
113.075887	-12.9829315
113.078743	-13.0538199
113.0816	-13.1253345
113.084456	-13.1974834
113.087312	-13.2702747
113.090168	-13.3437167
113.093024	-13.4178178
113.09588	-13.4925866
113.098736	-13.5680319
113.101592	-13.6441625
113.104449	-13.7209874
113.107305	-13.7985159
113.110161	-13.8767572
113.113017	-13.9557211
113.115873	-14.0354171
113.118729	-14.1158551
113.121585	-14.1970452
113.124442	-14.2789976
113.127298	-14.3617228
113.130154	-14.4452314
113.13301	-14.5295341
113.135866	-14.6146421
113.138722	-14.7005666
113.141578	-14.7873189
113.144434	-14.8749107
113.147291	-14.963354
113.150147	-15.0526608
113.153003	-15.1428434
113.155859	-15.2339145
113.158715	-15.3258868
113.161571	-15.4187735
113.164427	-15.5125878
113.167284	-15.6073433
113.17014	-15.7030539
113.172996	-15.7997337
113.175852	-15.8973972
113.178708	-15.996059
113.181564	-16.0957342
113.18442	-16.196438
113.187276	-16.2981861
113.190133	-16.4009944
113.192989	-16.5048793
113.195845	-16.6098573
113.198701	-16.7159453
113.201557	-16.8231608
113.204413	-16.9315213
113.207269	-17.041045
113.210126	-17.1517504
113.212982	-17.2636561
113.215838	-17.3767816
113.218694	-17.4911465
113.22155	-17.6067709
113.224406	-17.7236753
113.227262	-17.8418807
113.230119	-17.9614088
113.232975	-18.0822813
113.235831	-18.2045207
113.238687	-18.3281501
113.241543	-18.4531928
113.244399	-18.579673
113.247255	-18.7076152
113.250111	-18.8370446
113.252968	-18.9679869
113.255824	-19.1004685
113.25868	-19.2345164
113.261536	-19.3701582
113.264392	-19.5074221
113.267248	-19.6463373
113.270104	-19.7869333
113.272961	-19.9292405
113.275817	-20.0732902
113.278673	-20.2191142
113.281529	-20.3667453
113.284385	-20.5162171
113.287241	-20.6675639
113.290097	-20.8208211
113.292953	-20.9760248
113.29581	-21.1332122
113.298666	-21.2924214
113.301522	-21.4536914
113.304378	-21.6170624
113.307234	-21.7825756
113.31009	-21.9502733
113.312946	-22.120199
113.315803	-22.2923972
113.318659	-22.4669138
113.321515	-22.6437959
113.324371	-22.823092
113.327227	-23.0048517
113.330083	-23.1891264
113.332939	-23.3759686
113.335795	-23.5654324
113.338652	-23.7575735
113.341508	-23.9524493
113.344364	-24.1501188
113.34722	-24.3506427
113.350076	-24.5540834
113.352932	-24.7605055
113.355788	-24.9699753
113.358645	-25.1825612
113.361501	-25.3983335
113.364357	-25.6173651
113.367213	-25.8397308
113.370069	-26.0655079
113.372925	-26.2947761
113.375781	-26.5276177
113.378638	-26.7641176
113.381494	-27.0043635
113.38435	-27.2484459
113.387206	-27.4964585
113.390062	-27.7484978
113.392918	-28.0046637
113.395774	-28.2650596
113.39863	-28.5297924
113.401487	-28.7989724
113.404343	-29.0727142
113.407199	-29.351136
113.410055	-29.6343606
113.412911	-29.9225147
113.415767	-30.21573
113.418623	-30.5141429
113.42148	-30.8178946
113.424336	-31.1271317
113.427192	-31.4420064
113.430048	-31.7626765
113.432904	-32.0893058
113.43576	-32.4220645
113.438616	-32.7611293
113.441472	-33.1066841
113.444329	-33.4589199
113.447185	-33.8180352
113.450041	-34.1842369
113.452897	-34.5577401
113.455753	-34.9387689
113.458609	-35.3275567
113.461465	-35.7243467
113.464322	-36.1293924
113.467178	-36.5429585
113.470034	-36.965321
113.47289	-37.3967679
113.475746	-37.8376002
113.478602	-38.2881325
113.481458	-38.7486934
113.484314	-39.2196267
113.487171	-39.7012923
113.490027	-40.1940669
113.492883	-40.698345
113.495739	-41.21454
113.498595	-41.7430857
113.501451	-42.2844368
113.504307	-42.8390709
113.507164	-43.4074896
113.51002	-43.9902198
113.512876	-44.5878157
113.515732	-45.2008605
113.518588	-45.8299681
113.521444	-46.4757852
113.5243	-47.1389934
113.527157	-47.8203118
113.530013	-48.5204994
113.532869	-49.2403579
113.535725	-49.9807346
113.538581	-50.7425257
113.541437	-51.5266799
113.544293	-52.3342021
113.547149	-53.1661575
113.550006	-54.0236765
113.552862	-54.9079591
113.555718	-55.8202803
113.558574	-56.7619967
113.56143	-57.7345517
113.564286	-58.7394837
113.567142	-59.7784328
113.569999	-60.85315
113.572855	-61.9655057
113.575711	-63.1175006
113.578567	-64.3112764
113.581423	-65.5491283
113.584279	-66.8335186
113.587135	-68.1670919
113.589991	-69.5526919
113.592848	-70.9933796
113.595704	-72.4924542
113.59856	-74.053476
113.601416	-75.6802919
113.604272	-77.3770643
113.607128	-79.1483026
113.609984	-80.9988996
113.612841	-82.9341715
113.615697	-84.9599034
113.618553	-87.0824004
113.621409	-89.3085459
113.624265	-91.6458669
113.627121	-94.1026084
113.629977	-96.6878188
113.632833	-99.4114464
113.63569	-102.284451
113.638546	-105.318929
113.641402	-108.528265
113.644258	-111.927293
113.647114	-115.532502
113.64997	-119.362256
113.652826	-123.437061
113.655683	-127.779879
113.658539	-132.416487
113.661395	-137.375913
113.664251	-142.690938
113.667107	-148.398705
113.669963	-154.541437
113.672819	-161.167308
113.675675	-168.331478
113.678532	-176.097366
113.681388	-184.538186
113.684244	-193.738835
113.6871	-203.798228
113.689956	-214.832182
113.692812	-226.977039
113.695668	-240.394217
113.698525	-255.275994
113.701381	-271.852911
113.704237	-290.403344
113.707093	-311.265988
113.709949	-334.856324
113.712805	-361.688585
113.715661	-392.405405
113.718518	-427.818406
113.721374	-468.964531
113.72423	-517.185507
113.727086	-574.241875
113.729942	-642.479785
113.732798	-725.080123
113.735654	-826.43941
113.73851	-952.767429
113.741367	-1113.05252
113.744223	-1320.67251
113.747079	-1596.18414
113.749935	-1972.36106
113.752791	-2503.74172
113.755647	-3285.7577
113.758503	-4495.59206
113.76136	-6486.12979
113.764216	-10020.5877
113.767072	-16909.4277
113.769928	-31813.9456
113.772784	-66092.8224
113.77564	-118879.142
113.778496	-5450.98179
113.781352	107162.381
113.784209	51584.9167
113.787065	11217.9623
113.789921	-16554.6654
113.792777	-52299.0315
113.795633	-123268.275
113.798489	-229366.061
113.801345	-1630.59635
113.804202	226038.487
113.807058	119732.804
113.809914	48385.5425
113.81277	12036.4331
113.815626	-16670.1617
113.818482	-58486.1842
113.821338	-116378.281
113.824194	-7647.71428
113.827051	98805.7394
113.829907	32334.2702
113.832763	-31660.5421
113.835619	-115026.907
113.838475	-227387.319
113.841331	-3956.61605
113.844187	219399.214
113.847044	107168.557
113.8499	25805.7655
113.852756	-30092.8501
113.855612	-101747.135
113.858468	-243707.497
113.861324	-455799.662
113.86418	-100.241963
113.867037	455607.718
113.869893	243542.777
113.872749	101633.675
113.875605	30065.6613
113.878461	-25690.7819
113.881317	-106815.243
113.884173	-218630.145
113.887029	5494.17787
113.889886	230456.111
113.892742	121436.613
113.895598	46071.3856
113.898454	1435.01683
113.90131	-46546.635
113.904166	-106327.385
113.907022	3195.68988
113.909879	113468.981
113.912735	56413.1088
113.915591	15077.9561
113.918447	-13339.8774
113.921303	-49510.8136
113.924159	-120747.243
113.927015	-226985.31
113.929871	722.186327
113.932728	228475.249
113.935584	122379.349
113.93844	51399.3788
113.941296	15633.4764
113.944152	-12170.5794
113.947008	-52578.5931
113.949864	-108207.025
113.952721	4344.68878
113.955577	117699.24
113.958433	64825.4942
113.961289	30442.8091
113.964145	15414.6189
113.967001	8377.52048
113.969857	4663.76329
113.972713	2453.93726
113.97557	972.186315
113.978426	-152.642013
113.981282	-1124.85882
113.984138	-2081.47851
113.986994	-3143.17439
113.98985	-4452.53214
113.992706	-6221.8942
113.995563	-8820.16925
113.998419	-12963.598
114.001275	-20186.7293
114.004131	-34117.3625
114.006987	-64084.5377
114.009843	-132812.337
114.012699	-238574.647
114.015555	-11937.2303
114.018412	213028.584
114.021268	101552.863
114.024124	20412.1101
114.02698	-35665.9818
114.029836	-107877.15
114.032692	-250833.733
114.035548	-464529.322
114.038405	-11387.6496
114.041261	440097.199
114.044117	220599.455
114.046973	64393.1971
114.049829	-37715.8903
114.052685	-163069.401
114.055541	-351273.787
114.058398	-238491.41
114.061254	207319.6
114.06411	315249.2
114.066966	114993.782
114.069822	-36471.9802
114.072678	-197186.279
114.075534	-489801.544
114.07839	-919972.942
114.081247	-14501.155
114.084103	889182.92
114.086959	453069.251
114.089815	148299.502
114.092671	-35665.0679
114.095527	-235848.262
114.098383	-602726.716
114.10124	-1141693.09
114.104096	-11131.022
114.106952	1116433.26
114.109808	566257.365
114.112664	170733.948
114.11552	-100019.539
114.118376	-398673.314
114.121232	-445566.771
114.124089	-219254.097
114.126945	343886.447
114.129801	606630.205
114.132657	264729.063
114.135513	18274.1217
114.138369	-207596.919
114.141225	-584417.342
114.144082	-1126646.82
114.146938	4587.5977
114.149794	1136959.59
114.15265	598902.168
114.155506	232439.038
114.158362	32351.2874
114.161218	-151782.574
114.164074	-457017.44
114.166931	-894029.997
114.169787	7980.96188
114.172643	910185.823
114.175499	473052.06
114.178355	164061.5
114.181211	-35862.7881
114.184067	-224965.353
114.186924	-93643.4032
114.18978	11463.9058
114.192636	119176.568
114.195492	259836.738
114.198348	92960.3627
114.201204	-54304.3685
114.20406	-237597.151
114.206917	-514564.748
114.209773	-338908.004
114.212629	338884.339
114.215485	515246.914
114.218341	240636.821
114.221197	64571.7208
114.224053	-63476.8314
114.226909	-239277.352
114.229766	-513282.92
114.232622	-335784.17
114.235478	344102.728
114.238334	523792.063
114.24119	255222.422
114.244046	91131.2445
114.246902	-10964.1075
114.249759	-126564.842
114.252615	-285012.332
114.255471	-124449.38
114.258327	200745.99
114.261183	183074.796
114.264039	10351.7473
114.266895	-166741.771
114.269751	-400502.698
114.272608	-363371.714
114.275464	-26907.5082
114.27832	305399.504
114.281176	328357.633
114.284032	63971.6624
114.286888	-178365.75
114.289744	-526371.874
114.292601	-1082660.72
114.295457	-758513.394
114.298313	549023.369
114.301169	1019119.83
114.304025	587038.471
114.306881	186782.239
114.309737	-93527.0489
114.312593	-434708.897
114.31545	-982911.017
114.318306	-1034171.21
114.321162	215848.041
114.324018	1129398.95
114.326874	769687.843
114.32973	267114.896
114.332586	-91303.3005
114.335443	-466597.482
114.338299	-634326.187
114.341155	-580304.015
114.344011	307330.814
114.346867	883107.991
114.349723	325691.859
114.352579	-153439.774
114.355435	-729043.193
114.358292	-1514651.48
114.361148	-351537.961
114.364004	1113618.96
114.36686	903938.596
114.369716	553920.372
114.372572	75297.302
114.375428	-386438.945
114.378285	-1127557.39
114.381141	-2195141.91
114.383997	-98177.8861
114.386853	2169661.74
114.389709	1265736.73
114.392565	524063.999
114.395421	121626.075
114.398278	-219345.866
114.401134	-696533.755
114.40399	-994573.8
114.406846	16702.652
114.409702	1029914.24
114.412558	737939.998
114.415414	271439.999
114.41827	-54757.9854
114.421127	-434459.866
114.423983	-935562.993
114.426839	-104596.573
114.429695	896684.902
114.432551	557748.552
114.435407	176188.597
114.438263	-87415.5355
114.44112	-401538.567
114.443976	-949006.426
114.446832	-1368408.75
114.449688	216213.355
114.452544	1464547.2
114.4554	737845.846
114.458256	240930.137
114.461112	-75296.3333
114.463969	-449778.214
114.466825	-1027869.32
114.469681	-901367.607
114.472537	563848.24
114.475393	1192365.84
114.478249	564059.244
114.481105	140086.452
114.483962	-183297.015
114.486818	-595792.542
114.489674	-791757.597
114.49253	-13616.6139
114.495386	762796.856
114.498242	560945.44
114.501098	135730.406
114.503954	-214235.069
114.506811	-697175.305
114.509667	-1462200.44
114.512523	-1044650.6
114.515379	874243.551
114.518235	1450935.16
114.521091	649994.931
114.523947	113143.165
114.526804	-315589.805
114.52966	-957673.879
114.532516	-1971680.86
114.535372	-1153263.4
114.538228	1332986.13
114.541084	1807562.24
114.54394	802465.053
114.546797	133857.836
114.549653	-433251.036
114.552509	-1218921.95
114.555365	-1586751.1
114.558221	-10926.8421
114.561077	1563263.25
114.563933	1189702.56
114.566789	390909.1
114.569646	-205897.457
114.572502	-943477.576
114.575358	-2055182.73
114.578214	-1355648.54
114.58107	1352562.14
114.583926	2054148.72
114.586782	949037.638
114.589639	230907.379
114.592495	-313951.08
114.595351	-1095640.02
114.598207	-2267444.63
114.601063	-895796.395
114.603919	1814423.24
114.606775	1848293.8
114.609631	808798.845
114.612488	143345.277
114.615344	-407954.112
114.6182	-980327.354
114.621056	-1448373.22
114.623912	63645.3268
114.626768	1591531.26
114.629624	984546.401
114.632481	262597.762
114.635337	-315759.424
114.638193	-1026901.53
114.641049	-1291192.7
114.643905	-325951.079
114.646761	1144843.97
114.649617	1346394.58
114.652473	574844.135
114.65533	44099.8171
114.658186	-453133.454
114.661042	-1210206.73
114.663898	-1743460.71
114.666754	17210.0421
114.66961	1781519.96
114.672466	1261111.67
114.675323	533760.566
114.678179	104526.374
114.681035	-267498.936
114.683891	-803173.579
114.686747	-1177091.55
114.689603	107672.817
114.692459	1222593.81
114.695315	687742.597
114.698172	154923.778
114.701028	-280000.537
114.703884	-809052.078
114.70674	-819883.255
114.709596	-261467.64
114.712452	625244.632
114.715308	893872.847
114.718165	251478.013
114.721021	-320291.407
114.723877	-1061222.58
114.726733	-1983295.6
114.729589	-1123289.98
114.732445	816834.325
114.735301	1598397.47
114.738158	1254399.22
114.741014	389802.565
114.74387	-302792.387
114.746726	-1153415.39
114.749582	-2054876.05
114.752438	-1365662.1
114.755294	1129520.51
114.75815	2152436.09
114.761007	1214604.91
114.763863	324411.705
114.766719	-360340.749
114.769575	-992350.739
114.772431	-1372699.19
114.775287	-543975.333
114.778143	1127498.34
114.781	1326872.68
114.783856	301044.064
114.786712	-678590.991
114.789568	-1868142.27
114.792424	-1649856.36
114.79528	82892.8371
114.798136	1446069.05
114.800992	1629457.76
114.803849	776952.987
114.806705	-179446.659
114.809561	-1291376.23
114.812417	-2941051.42
114.815273	-2491505.38
114.818129	1037790.18
114.820985	3067167.77
114.823842	2181132.57
114.826698	868373.942
114.829554	-2669.86257
114.83241	-870759.296
114.835266	-1658865.55
114.838122	-986961.548
114.840978	594950.902
114.843834	1542570.51
114.846691	1344741.56
114.849547	409546.085
114.852403	-405264.522
114.855259	-1336713.35
114.858115	-1039607.25
114.860971	752061.189
114.863827	1362552.01
114.866684	764603.172
114.86954	256873.292
114.872396	-315575.006
114.875252	-1127599.19
114.878108	-2385244.2
114.880964	-1538942.3
114.88382	1462638.52
114.886677	2289539.06
114.889533	1177936.03
114.892389	340424.42
114.895245	-275811.273
114.898101	-1078346.01
114.900957	-2089773.81
114.903813	-1126467.71
114.906669	1308601.95
114.909526	1920468.56
114.912382	1090819.85
114.915238	288485.905
114.918094	-345703.6
114.92095	-927433.367
114.923806	-1192890.89
114.926662	-9640.46728
114.929519	1172049.41
114.932375	900822.69
114.935231	304615.87
114.938087	-363232.234
114.940943	-1188126.44
114.943799	-1704215.07
114.946655	-1501142.26
114.949511	873522.448
114.952368	2307106.52
114.955224	1053114.9
114.95808	161007.832
114.960936	-570644.046
114.963792	-1607213.48
114.966648	-2702403.27
114.969504	-1973998.68
114.972361	1584684.78
114.975217	3001205.37
114.978073	1299124.51
114.980929	41141.4632
114.983785	-1077336.67
114.986641	-1786976.27
114.989497	-1475187.73
114.992353	215319.314
114.99521	1967852.56
114.998066	1721552.07
115.000922	420083.057
115.003778	-763542.932
115.006634	-2181273.87
115.00949	-1962020.88
115.012346	-510242.989
115.015203	1596609.7
115.018059	2564479.88
115.020915	1187505.79
115.023771	22605.0781
115.026627	-1147207.72
115.029483	-2742703.79
115.032339	-2042694.23
115.035196	467431.447
115.038052	2311296.09
115.040908	2418684.63
115.043764	973780.439
115.04662	-89580.3938
115.049476	-1193450.64
115.052332	-2337431.27
115.055188	-1380098.75
115.058045	1375903.14
115.060901	2325857.76
115.063757	1356862.05
115.066613	288333.317
115.069469	-658825.433
115.072325	-1874476.62
115.075181	-1895585.13
115.078038	136706.685
115.080894	2006669.96
115.08375	1853034.04
115.086606	714110.932
115.089462	-112994.508
115.092318	-1034613.33
115.095174	-2366223.1
115.09803	-1609472.92
115.100887	1278387.58
115.103743	2333651.74
115.106599	1459835.34
115.109455	542355.057
115.112311	-83298.457
115.115167	-776268.842
115.118023	-1581396.07
115.12088	-1053076.31
115.123736	967154.164
115.126592	1662969.62
115.129448	838038.466
115.132304	112825.588
115.13516	-508405.766
115.138016	-905307.55
115.140872	-811279.904
115.143729	-146390.59
115.146585	878178.473
115.149441	973734.374
115.152297	169328.733
115.155153	-621001.37
115.158009	-1667612.31
115.160865	-2089754.91
115.163722	-726833.974
115.166578	1432380.6
115.169434	2010940.09
115.17229	1029370.41
115.175146	47346.823
115.178002	-923377.398
115.180858	-2260613.81
115.183714	-2202129.27
115.186571	-575586.591
115.189427	1886620.43
115.192283	2695808.4
115.195139	1192840.3
115.197995	139309.415
115.200851	-796612.037
115.203707	-1817815.29
115.206564	-1441135.56
115.20942	124370.982
115.212276	1527462.92
115.215132	1574605.87
115.217988	338603.826
115.220844	-838739.212
115.2237	-2331877.76
115.226557	-2587229.04
115.229413	-396395.786
115.232269	2088784.43
115.235125	2382965.42
115.237981	1057648.18
115.240837	-244614.275
115.243693	-1724371.75
115.246549	-3931704.39
115.249406	-3617100.76
115.252262	453089.281
115.255118	3854783.34
115.257974	3569137.19
115.26083	1495829.15
115.263686	86279.2204
115.266542	-1264333.22
115.269399	-2682922.83
115.272255	-1751503.21
115.275111	1067921.62
115.277967	2587275.42
115.280823	2057414.23
115.283679	643463.968
115.286535	-518755.604
115.289391	-1676727.08
115.292248	-1914044.19
115.295104	490042.206
115.29796	2233812.87
115.300816	1426264.03
115.303672	476744.804
115.306528	-436032.617
115.309384	-1581194.59
115.312241	-2570308.27
115.315097	-1919292.3
115.317953	1373421.59
115.320809	3059852.16
115.323665	1662735.13
115.326521	443876.978
115.329377	-499650.421
115.332233	-1465927.09
115.33509	-1954759.3
115.337946	-621192.708
115.340802	1725955.43
115.343658	2175432.83
115.346514	1094483.11
115.34937	239164.291
115.352226	-459199.221
115.355083	-937534.624
115.357939	-906559.516
115.360795	261184.266
115.363651	1301227.77
115.366507	933558.563
115.369363	266617.569
115.372219	-275277.475
115.375076	-961024.024
115.377932	-1611433.09
115.380788	-922780.639
115.383644	1101318.72
115.3865	1647091.65
115.389356	688211.719
115.392212	4236.38902
115.395068	-641909.087
115.397925	-1626573.28
115.400781	-2386075.63
115.403637	-832210.014
115.406493	1883417.8
115.409349	2145344.56
115.412205	857308.386
115.415061	-71394.1326
115.417918	-990514.885
115.420774	-1899225.42
115.42363	-1606186.74
115.426486	425847.493
115.429342	1981606.93
115.432198	1523221.39
115.435054	363519.201
115.43791	-642213.955
115.440767	-1705003.73
115.443623	-2122706.84
115.446479	-354948.342
115.449335	1913763.12
115.452191	1945880.95
115.455047	786495.903
115.457903	-252077.877
115.46076	-1371024.78
115.463616	-2270056.1
115.466472	-2295777.73
115.469328	217252.144
115.472184	2794202.77
115.47504	2218599.99
115.477896	753285.368
115.480752	-363179.389
115.483609	-1592143.67
115.486465	-2265139.13
115.489321	-1805269.14
115.492177	1130366.37
115.495033	2986517.1
115.497889	1546548.01
115.500745	185229.815
115.503602	-1000763.98
115.506458	-1738658.6
115.509314	-1438124.94
115.51217	249600.031
115.515026	2005820.61
115.517882	1771877.26
115.520738	500200.619
115.523594	-613601.94
115.526451	-1923015.96
115.529307	-1925830.59
115.532163	-691272.017
115.535019	1540346.55
115.537875	2613261.08
115.540731	1338639.58
115.543587	344220.717
115.546444	-458176.208
115.5493	-1423012.48
115.552156	-1335046.57
115.555012	-635668.64
115.557868	1073630.03
115.560724	2086630.64
115.56358	974914.628
115.566437	184182.109
115.569293	-445560.621
115.572149	-852913.032
115.575005	-947943.543
115.577861	-116623.253
115.580717	1078170.45
115.583573	997354.799
115.586429	208880.473
115.589286	-535202.157
115.592142	-1471505.07
115.594998	-1518178.59
115.597854	-408168.722
115.60071	1185805.87
115.603566	1722936.59
115.606422	823901.199
115.609279	27522.2687
115.612135	-769330.811
115.614991	-1869783.37
115.617847	-1584211.06
115.620703	243815.224
115.623559	1741700.85
115.626415	1741674.26
115.629271	741895.182
115.632128	57130.0938
115.634984	-581828.041
115.63784	-1205331.55
115.640696	-642752.972
115.643552	135904.084
115.646408	752721.837
115.649264	987358.102
115.652121	150880.979
115.654977	-730571.457
115.657833	-1864161.16
115.660689	-1532524.65
115.663545	745866.456
115.666401	1647092.84
115.669257	1025689.64
115.672113	386265.06
115.67497	-472391.462
115.677826	-1665592.78
115.680682	-3305365.55
115.683538	-2101796.47
115.686394	2095210.57
115.68925	3300444.05
115.692106	1667231.33
115.694963	493766.395
115.697819	-369203.364
115.700675	-1436431.2
115.703531	-2226056.46
115.706387	-860543.449
115.709243	1850685.7
115.712099	2292052.41
115.714956	1025937.96
115.717812	175238.267
115.720668	-578962.91
115.723524	-1559843.8
115.72638	-1202438.18
115.729236	806344.338
115.732092	1646488.93
115.734948	957378.975
115.737805	218372.063
115.740661	-398232.291
115.743517	-1245346.21
115.746373	-2186571.83
115.749229	-1359410.57
115.752085	1472431.09
115.754941	2329376.31
115.757798	1075428
115.760654	238177.074
115.76351	-434453.388
115.766366	-1313086
115.769222	-1688915.12
115.772078	-756021.84
115.774934	1352809.48
115.77779	2048372.93
115.780647	981624.882
115.783503	286425.096
115.786359	-238638.02
115.789215	-851117.72
115.792071	-743652.244
115.794927	146536.11
115.797783	875034.875
115.80064	851100.837
115.803496	313067.369
115.806352	-105817.173
115.809208	-584164.62
115.812064	-1065720.41
115.81492	-451508.668
115.817776	832901.342
115.820632	958749.615
115.823489	367872.47
115.826345	-63337.3147
115.829201	-519989.994
115.832057	-1237475.18
115.834913	-1559972.5
115.837769	-132526.647
115.840625	1457962.64
115.843482	1271123.1
115.846338	486809.804
115.849194	-63597.8796
115.85205	-661344.543
115.854906	-1513115.34
115.857762	-1017313.88
115.860618	785087.26
115.863474	1415211.17
115.866331	851412.281
115.869187	210117.26
115.872043	-325379.612
115.874899	-1052185.22
115.877755	-1687146.19
115.880611	-6411.49446
115.883467	1674505.95
115.886324	1040968.29
115.88918	320802.892
115.892036	-192699.259
115.894892	-830853.074
115.897748	-1859081.04
115.900604	-1820437.09
115.90346	891947.722
115.906317	2264591.4
115.909173	1093168.15
115.912029	311453.17
115.914885	-233805.195
115.917741	-952811.701
115.920597	-2059566.7
115.923453	-1361060.22
115.926309	1341067.6
115.929166	2027567.65
115.932022	885245.713
115.934878	73693.9949
115.937734	-617122.002
115.94059	-953884.036
115.943446	-996794.806
115.946302	72375.4519
115.949159	1359729.21
115.952015	1064929.01
115.954871	291783.085
115.957727	-369747.655
115.960583	-1176633.43
115.963439	-1398759.93
115.966295	-423145.15
115.969151	1228066.06
115.972008	1632268.01
115.974864	756061.215
115.97772	179397.138
115.980576	-286428.636
115.983432	-879710.395
115.986288	-1007231.61
115.989144	-429071.058
115.992001	820084.824
115.994857	1300653.31
115.997713	587269.838
116.000569	73814.9764
116.003425	-357620.934
116.006281	-499414.592
116.009137	-200612.431
116.011993	239547.512
116.01485	546096.622
116.017706	424643.258
116.020562	41061.9961
116.023418	-360452.906
116.026274	-921546.624
116.02913	-950655.477
116.031986	346461.723
116.034843	1144383.81
116.037699	673590.142
116.040555	236260.545
116.043411	-51801.5185
116.046267	-377258.882
116.049123	-929773.502
116.051979	-1350501.19
116.054836	235864.145
116.057692	1489720.04
116.060548	774957.765
116.063404	303341.493
116.06626	44142.5092
116.069116	-196481.404
116.071972	-567831.706
116.074828	-901376.66
116.077685	103733.383
116.080541	938940.967
116.083397	445073.214
116.086253	81501.6349
116.089109	-206231.237
116.091965	-636460.469
116.094821	-1262310.2
116.097678	-250171.056
116.100534	1092267.51
116.10339	752999.258
116.106246	226178.374
116.109102	-157826.483
116.111958	-604490.338
116.114814	-1201129.92
116.11767	-1940649.17
116.120527	158244.255
116.123383	2103418.1
116.126239	1066865.79
116.129095	338436.775
116.131951	-146882.013
116.134807	-676852.462
116.137663	-893459.483
116.14052	-766867.332
116.143376	535661.167
116.146232	1391086.51
116.149088	677248.538
116.151944	186910.125
116.1548	-178056.976
116.157656	-637819.898
116.160512	-894463.652
116.163369	-10383.5773
116.166225	865948.778
116.169081	579105.105
116.171937	68126.8343
116.174793	-185103.273
116.177649	-515386.461
116.180505	-866533.599
116.183362	-666102.927
116.186218	549905.078
116.189074	1120167.91
116.19193	409617.616
116.194786	-156647.375
116.197642	-342116.414
116.200498	-659324.712
116.203354	-593104.532
116.206211	300345.672
116.209067	899091.194
116.211923	758738.145
116.214779	275581.378
116.217635	-77912.5387
116.220491	-261880.425
116.223347	-528740.412
116.226204	-147885.515
116.22906	586173.344
116.231916	491130.364
116.234772	116836.747
116.237628	-178096.811
116.240484	-111235.913
116.24334	-108009.336
116.246197	-333618.094
116.249053	143213.195
116.251909	478849.001
116.254765	145402.452
116.257621	-179305.288
116.260477	-521295.252
116.263333	-238672.58
116.266189	-74609.4727
116.269046	-330931.282
116.271902	316702.821
116.274758	697353.166
116.277614	285956.469
116.28047	-47535.4956
116.283326	-362798.183
116.286182	-391913.376
116.289039	-183092.668
116.291895	-226404.768
116.294751	263517.431
116.297607	646479.046
116.300463	229273.941
116.303319	-123607.398
116.306175	-318685.077
116.309031	-593231.192
116.311888	-55733.881
116.314744	466910.759
116.3176	334517.143
116.320456	294855.581
116.323312	-20785.3604
116.326168	-343128.819
116.329024	-409266.503
116.331881	-638755.977
116.334737	-450870.53
116.337593	607063.888
116.340449	862353.459
116.343305	370251.574
116.346161	21456.7431
116.349017	-282253.514
116.351873	-516354.944
116.35473	-747866.034
116.357586	-395216.896
116.360442	642593.103
116.363298	876288.91
116.366154	372225.002
116.36901	10080.1199
116.371866	-349575.987
116.374723	-815744.835
116.377579	-333978.523
116.380435	452155.538
116.383291	569362.846
116.386147	449239.491
116.389003	112783.807
116.391859	-188008.772
116.394716	-626849.385
116.397572	-1237012.61
116.400428	-4274.51583
116.403284	1225596.08
116.40614	603699.106
116.408996	133636.902
116.411852	-187400.465
116.414708	-151824.419
116.417565	-235403.255
116.420421	-785271.301
116.423277	35705.2501
116.426133	883859.733
116.428989	380338.743
116.431845	-56449.1475
116.434701	-432355.472
116.437558	-132774.914
116.440414	115137.444
116.44327	-2385.67741
116.446126	275059.197
116.448982	259135.977
116.451838	-86856.8862
116.454694	-264161.621
116.45755	-323021.344
116.460407	-307354.866
116.463263	-177052.474
116.466119	311771.48
116.468975	494052.821
116.471831	3360.37736
116.474687	-523283.743
116.477543	-763818.475
116.4804	-57049.7726
116.483256	218568.134
116.486112	160580.35
116.488968	570565.017
116.491824	409346.457
116.49468	-46583.5318
116.497536	-581866.768
116.500392	-1275599.35
116.503249	-348043.792
116.506105	882292.766
116.508961	767123.32
116.511817	460733.422
116.514673	-51201.682
116.517529	-540397.239
116.520385	-417957.407
116.523242	-489205.077
116.526098	-698020.459
116.528954	490555.399
116.53181	1056362.76
116.534666	308173.464
116.537522	-411955.638
116.540378	-1159665.9
116.543235	-249878.687
116.546091	478942.062
116.548947	-650591.524
116.551803	230266.55
116.554659	1279285.42
116.557515	511537.441
116.560371	-175226.352
116.563227	-835244.697
116.566084	-563003.996
116.56894	-108739.462
116.571796	-85012.9776
116.574652	711146.798
116.577508	968636.146
116.580364	321807.201
116.58322	-200629.912
116.586077	-348062.593
116.588933	-481857.921
116.591789	-960469.934
116.594645	80484.2666
116.597501	1157000.51
116.600357	557504.988
116.603213	-120213.75
116.606069	-530607.094
116.608926	-83440.4535
116.611782	45399.4557
116.614638	-810505.054
116.617494	105623.991
116.62035	1097263.67
116.623206	388314.321
116.626062	-252701.428
116.628919	-479825.351
116.631775	-43085.643
116.634631	125736.569
116.637487	-268008.361
116.640343	279067.7
116.643199	747761.248
116.646055	231694.607
116.648911	-223689.417
116.651768	-319110.956
116.654624	-323034.126
116.65748	-235783.093
116.660336	182781.467
116.663192	467393.835
116.666048	275677.895
116.668904	-228882.283
116.671761	-389328.128
116.674617	-271147.61
116.677473	-260856.298
116.680329	-122464.78
116.683185	396242.631
116.686041	427949.77
116.688897	-284564.124
116.691753	-1083721.7
116.69461	-558530.222
116.697466	593949.228
116.700322	494778.625
116.703178	140894.087
116.706034	304210.996
116.70889	182930.078
116.711746	-593530.304
116.714603	-1555611.47
116.717459	-540277.333
116.720315	1088180.14
116.723171	628372.43
116.726027	351464.575
116.728883	492478.815
116.731739	8782.0693
116.734596	-755603.526
116.737452	-1341411.01
116.740308	-558156.542
116.743164	220941.931
116.74602	267669.325
116.748876	805256.977
116.751732	636232.245
116.754588	-424449.921
116.757445	-1590730.15
116.760301	-797957.745
116.763157	476429.086
116.766013	-123148.158
116.768869	441231.422
116.771725	1245316.55
116.774581	426497.752
116.777438	-837024.326
116.780294	-2264755.97
116.78315	-527822.044
116.786006	1588563.06
116.788862	570534.793
116.791718	714618.4
116.794574	1050863.6
116.79743	124889.047
116.800287	-873301.129
116.803143	-1753002.09
116.805999	-1161017.95
116.808855	679855.737
116.811711	1517239.36
116.814567	1205541.44
116.817423	517815.493
116.82028	-368326.931
116.823136	-1142152.52
116.825992	-979027.806
116.828848	-1140431.16
116.831704	-31228.6623
116.83456	1874612.22
116.837416	1382908.46
116.840272	260221.704
116.843129	-758713.451
116.845985	-1534566.81
116.848841	-402180.452
116.851697	577386.486
116.854553	522593.327
116.857409	1029696.93
116.860265	735267.076
116.863122	-159873.919
116.865978	-933712.275
116.868834	-1196469.62
116.87169	-389369.445
116.874546	1097459.12
116.877402	1307335.52
116.880258	517208.771
116.883115	-73429.7755
116.885971	-633122.328
116.888827	-820719.075
116.891683	-745405.003
116.894539	-688937.016
116.897395	580320.342
116.900251	1446521.43
116.903107	548789.582
116.905964	-457710.443
116.90882	-1566262.55
116.911676	-1346820.12
116.914532	30096.3516
116.917388	602220.043
116.920244	951199.054
116.9231	1062467.45
116.925957	348006.298
116.928813	-747818.081
116.931669	-2113170.73
116.934525	-1699196.89
116.937381	614619.742
116.940237	1699633.73
116.943093	1264172.32
116.945949	466193.604
116.948806	-490791.876
116.951662	-1036146.52
116.954518	-1584817.31
116.957374	-1459346.34
116.96023	252750.388
116.963086	1878346.98
116.965942	1652911.12
116.968799	108811.399
116.971655	-1378218.23
116.974511	-1839229.61
116.977367	-948791.449
116.980223	-425883.952
116.983079	377189.117
116.985935	1958608.09
116.988791	1805948.39
116.991648	171526.036
116.994504	-1438492.75
116.99736	-2238378.51
117.000216	-980712.243
117.003072	362161.772
117.005928	1410267.59
117.008784	2119853.95
117.011641	1170960.28
117.014497	-183431
117.017353	-1198241.44
117.020209	-2054558.05
117.023065	-1800917.03
117.025921	123451.91
117.028777	2095691.23
117.031633	2076086.23
117.03449	466371.579
117.037346	-1103643.91
117.040202	-1133532.68
117.043058	-626893.942
117.045914	-1171775.79
117.04877	141592.97
117.051626	2175474.81
117.054483	1667477.41
117.057339	-53256.4525
117.060195	-1674175.62
117.063051	-918628.683
117.065907	456126.839
117.068763	-249530.345
117.071619	769503.491
117.074476	1949976.54
117.077332	960731.577
117.080188	-209210.403
117.083044	-1386042.11
117.0859	-1408516.61
117.088756	-515602.821
117.091612	231428.4
117.094468	1441041.47
117.097325	1532783.44
117.100181	298814.618
117.103037	-835045.885
117.105893	-1382889.57
117.108749	-1051585.96
117.111605	-855549.303
117.114461	490537.553
117.117318	1797100.22
117.120174	824026.427
117.12303	-782972.845
117.125886	-1764420.05
117.128742	-1019847.27
117.131598	558779.765
117.134454	687170.122
117.13731	850624.998
117.140167	1148828.23
117.143023	-19363.441
117.145879	-1688310.04
117.148735	-2044754.06
117.151591	-406711.11
117.154447	1069821.61
117.157303	1261684.34
117.16016	1303692.09
117.163016	835570.717
117.165872	-576652.473
117.168728	-1804864.05
117.171584	-1808853.05
117.17444	-839133.7
117.177296	44391.8317
117.180152	1156029.11
117.183009	1657424.88
117.185865	409348.277
117.188721	-1720176.35
117.191577	-1886173.02
117.194433	-296922.518
117.197289	-502777.894
117.200145	-267598.396
117.203002	1800426
117.205858	1874400.83
117.208714	-296118.751
117.21157	-2987696.71
117.214426	-2423471.27
117.217282	1176654.4
117.220138	1656897.22
117.222995	1018627.66
117.225851	1866407.41
117.228707	1240922.88
117.231563	-728430.384
117.234419	-2586215.12
117.237275	-2374609.74
117.240131	244070.108
117.242987	1298615.48
117.245844	1543274.59
117.2487	1952280.28
117.251556	638570.331
117.254412	-1309300.9
117.257268	-2049864.26
117.260124	-1494937.75
117.26298	-911423.329
117.265837	198433.23
117.268693	2231615.11
117.271549	2372632.95
117.274405	158689.54
117.277261	-2008395.5
117.280117	-2029152.55
117.282973	282809.439
117.285829	808635.04
117.288686	772414.815
117.291542	1866372.6
117.294398	1234883.73
117.297254	-526943.559
117.30011	-2127023.06
117.302966	-2297277.81
117.305822	468563.915
117.308679	2574303.46
117.311535	2034006.71
117.314391	947113.727
117.317247	-279064.555
117.320103	-989144.13
117.322959	-1739612.84
117.325815	-2282921.26
117.328671	-323721.521
117.331528	1978324.09
117.334384	2053484.13
117.33724	694873.025
117.340096	-1177215.33
117.342952	-1789416.26
117.345808	-1387302.9
117.348664	-648286.482
117.351521	856934.048
117.354377	1687516.91
117.357233	1469518.48
117.360089	264653.987
117.362945	-1843090.22
117.365801	-2188258.69
117.368657	-1385659.15
117.371513	418103.193
117.37437	2526697.78
117.377226	2074746.44
117.380082	669187.301
117.382938	-876241.136
117.385794	-2273950
117.38865	-2075455.73
117.391506	-1198776.56
117.394363	124166.374
117.397219	2320254.72
117.400075	2479755.55
117.402931	335013.873
117.405787	-2098682.8
117.408643	-2716381.16
117.411499	-1424297.39
117.414356	-304158.393
117.417212	481234.948
117.420068	1920603.73
117.422924	2435954.55
117.42578	420250.313
117.428636	-2524465.67
117.431492	-2976512.15
117.434348	-754215.048
117.437205	794494.96
117.440061	1956608.82
117.442917	2633601.04
117.445773	1627016.08
117.448629	-528826.615
117.451485	-2892369.95
117.454341	-3162221.76
117.457198	-869629.519
117.460054	1171353.02
117.46291	2951182.95
117.465766	2869205.27
117.468622	346507.278
117.471478	-1448847.65
117.474334	-2259560.64
117.47719	-2024379.43
117.480047	-330771.042
117.482903	1098503.09
117.485759	2485601.52
117.488615	2209038.9
117.491471	-551358.656
117.494327	-1662352.48
117.497183	-1227086.76
117.50004	-633706.98
117.502896	543849.683
117.505752	2165232.21
117.508608	2517027.99
117.511464	1058682.15
117.51432	-869387.198
117.517176	-2065135.8
117.520032	-1920871.2
117.522889	-405959.411
117.525745	1389897.8
117.528601	2424142.91
117.531457	1828075.75
117.534313	47994.3562
117.537169	-1258890.83
117.540025	-1590515.05
117.542882	-1700900.81
117.545738	-738325.353
117.548594	1622212.07
117.55145	2291265.3
117.554306	770462.058
117.557162	-1326713.47
117.560018	-2127293.15
117.562875	-780239.805
117.565731	253723.842
117.568587	558224.168
117.571443	1698529.42
117.574299	1650101.87
117.577155	-177887.901
117.580011	-2341984.77
117.582867	-2791433.95
117.585724	-691788.611
117.58858	1364306.52
117.591436	2022312.97
117.594292	1984947.49
117.597148	1087271.11
117.600004	-666804.686
117.60286	-2491553.53
117.605717	-2956641.37
117.608573	-1596208.93
117.611429	492653.989
117.614285	2525844
117.617141	2346770.61
117.619997	72444.0103
117.622853	-2240913.72
117.625709	-3561584.37
117.628566	-1628366.44
117.631422	473313.74
117.634278	739853.162
117.637134	2481987.65
117.63999	2294825.96
117.642846	-896222.838
117.645702	-3546811.15
117.648559	-4142686.57
117.651415	-159488.731
117.654271	3448383.85
117.657127	2302473.25
117.659983	1947488.6
117.662839	1451427.26
117.665695	-992339.979
117.668551	-2954305.92
117.671408	-3603971.03
117.674264	-785669.889
117.67712	2389073.45
117.679976	3084940.36
117.682832	2315517.1
117.685688	16989.5002
117.688544	-1617946.86
117.691401	-2222840.99
117.694257	-2650112.4
117.697113	-1424958.64
117.699969	1052824.95
117.702825	3493590.16
117.705681	2941460.9
117.708537	-482277.74
117.711393	-2033623.55
117.71425	-2106051.3
117.717106	-868503.186
117.719962	1221779.51
117.722818	2154584.61
117.725674	2591012.16
117.72853	1481090.18
117.731386	-957308.105
117.734243	-2141576.62
117.737099	-1973584.55
117.739955	-183389.179
117.742811	2552268.56
117.745667	3092599.46
117.748523	1604367.2
117.751379	-88704.6736
117.754236	-1327660.17
117.757092	-1858087.82
117.759948	-1904212.38
117.762804	-963675.128
117.76566	1517332.65
117.768516	2874529.32
117.771372	1467615.76
117.774228	-690496.233
117.777085	-1743469.03
117.779941	-1116363.43
117.782797	-323416.219
117.785653	148104.077
117.788509	1511247.13
117.791365	1995301.04
117.794221	453788.739
117.797078	-1392688.4
117.799934	-2036947.33
117.80279	-1102874.62
117.805646	493159.602
117.808502	1841322.79
117.811358	1981194.6
117.814214	743657.265
117.81707	-1041424.11
117.819927	-1947870.04
117.822783	-1708280.18
117.825639	-841179.581
117.828495	787237.086
117.831351	2290912.84
117.834207	1699149.58
117.837063	-424671.636
117.83992	-2246587.77
117.842776	-2090668.64
117.845632	-476378.27
117.848488	-111715.9
117.851344	438464.479
117.8542	2019083.02
117.857056	1415845.62
117.859912	-1272399.24
117.862769	-2763489.64
117.865625	-1791590.4
117.868481	555392.475
117.871337	1194432.44
117.874193	1258663.42
117.877049	2035623.56
117.879905	881818.983
117.882762	-1639825.8
117.885618	-2324160.66
117.888474	-1954570.26
117.89133	-843654.076
117.894186	1406969.91
117.897042	2769899.35
117.899898	2178299.83
117.902755	-118664.589
117.905611	-1990691.39
117.908467	-2077263.83
117.911323	-1567923.07
117.914179	-1178675.84
117.917035	1502787.85
117.919891	3511445.4
117.922747	1734113.73
117.925604	-1140768.05
117.92846	-2257957.33
117.931316	-1634004.71
117.934172	-450781.442
117.937028	333114.471
117.939884	1705879.74
117.94274	2883948.93
117.945597	1356354.29
117.948453	-1202599.5
117.951309	-2282107.82
117.954165	-1445884.26
117.957021	116418.533
117.959877	1691458.41
117.962733	2431686.23
117.965589	1779832
117.968446	115499.486
117.971302	-1489574.69
117.974158	-2002161.59
117.977014	-1641904.9
117.97987	-557628.785
117.982726	2174499.72
117.985582	2984337.71
117.988439	856571.717
117.991295	-1197271.55
117.994151	-1887581.87
117.997007	-977140.355
117.999863	-100452.348
118.002719	145219.616
118.005575	1699274.47
118.008431	2228647.35
118.011288	164506.467
118.014144	-1912119.19
118.017	-2029571.8
118.019856	232619.928
118.022712	1312772.13
118.025568	1171764.29
118.028424	1481243.63
118.031281	961102.723
118.034137	-518007.325
118.036993	-2021345.23
118.039849	-2131587.9
118.042705	-361693.035
118.045561	699552.711
118.048417	1565281.56
118.051274	1746924.67
118.05413	58074.8578
118.056986	-1865442.51
118.059842	-2289833.63
118.062698	-660811.666
118.065554	268740.198
118.06841	478229.984
118.071266	1710215.98
118.074123	1526239.55
118.076979	-750427.658
118.079835	-3133138.78
118.082691	-2507739.03
118.085547	1324844.77
118.088403	2080300.41
118.091259	1041514.71
118.094116	1465872.03
118.096972	715644.032
118.099828	-949927.486
118.102684	-2634746.99
118.10554	-2679428.25
118.108396	461135.164
118.111252	2541083.26
118.114108	2172004.69
118.116965	1328166.77
118.119821	-186479.37
118.122677	-1774599.2
118.125533	-2445000
118.128389	-2348618.62
118.131245	-374243.715
118.134101	2507590.9
118.136958	2976916.14
118.139814	1333300.65
118.14267	-878395.29
118.145526	-2493847.76
118.148382	-1879523.06
118.151238	-113619.164
118.154094	998690.535
118.15695	2226068.79
118.159807	2219483.54
118.162663	519617.352
118.165519	-1248537.08
118.168375	-2194192.2
118.171231	-1411102.62
118.174087	744414.868
118.176943	2320962.7
118.1798	2218001.33
118.182656	1061323.03
118.185512	-284660.377
118.188368	-1290297.48
118.191224	-1584555.55
118.19408	-1471883.55
118.196936	-388517.247
118.199792	1991211.03
118.202649	2387068.4
118.205505	705817.985
118.208361	-539632.928
118.211217	-1437097.03
118.214073	-1029805.37
118.216929	-437400.435
118.219785	-164518.078
118.222642	1468843.71
118.225498	1794182.31
118.228354	242719.821
118.23121	-912428.925
118.234066	-1842065.38
118.236922	-523111.75
118.239778	1212103.13
118.242635	1117954.29
118.245491	1160486.15
118.248347	666285.18
118.251203	-454491.26
118.254059	-1563652.14
118.256915	-1537232.52
118.259771	-11902.3055
118.262627	912947.007
118.265484	1304101.26
118.26834	1125538.32
118.271196	-41191.3157
118.274052	-883334.813
118.276908	-1763710.52
118.279764	-1006945.9
118.28262	338904.603
118.285477	3470.64935
118.288333	864605.59
118.291189	1238525.3
118.294045	-451663.781
118.296901	-1559970.52
118.299757	-1485735.73
118.302613	-262451.585
118.305469	1044890.16
118.308326	1294817.84
118.311182	1188219.2
118.314038	475200.025
118.316894	-1108488.36
118.31975	-1874059.11
118.322606	-1257454.21
118.325462	-202387.026
118.328319	1595123.39
118.331175	2299561.76
118.334031	927763.698
118.336887	-525706.19
118.339743	-1255952.12
118.342599	-1247841.04
118.345455	-1336452.1
118.348311	-632276.907
118.351168	1518909.48
118.354024	2141728.56
118.35688	526555.951
118.359736	-1308424.57
118.362592	-1399699.57
118.365448	16531.4817
118.368304	-263025.729
118.371161	-229829.122
118.374017	1630262.26
118.376873	1862238.56
118.379729	366995.769
118.382585	-1216895.03
118.385441	-1462286.86
118.388297	-17645.897
118.391154	190337.46
118.39401	648975.262
118.396866	1764819.69
118.399722	1093105.74
118.402578	-66561.216
118.405434	-793106.503
118.40829	-1014601.92
118.411146	-1236949.79
118.414003	-617346.15
118.416859	1435533.93
118.419715	1928429.86
118.422571	561679.013
118.425427	-618606.548
118.428283	-1060312.19
118.431139	-277277.08
118.433996	-260790.657
118.436852	-321931.239
118.439708	1157243.94
118.442564	1447032.7
118.44542	322101.176
118.448276	-772764.095
118.451132	-1592175.72
118.453988	-82588.6151
118.456845	1167606.91
118.459701	554843.586
118.462557	715554.675
118.465413	615205.18
118.468269	-95055.911
118.471125	-737561.611
118.473981	-1610022.84
118.476838	-757624.34
118.479694	1067404.33
118.48255	1208786.28
118.485406	683328.77
118.488262	15401.2975
118.491118	-828624.769
118.493974	-1140727.88
118.49683	-677701.902
118.499687	-413548.491
118.502543	731011.426
118.505399	1520465.38
118.508255	588061.423
118.511111	-411469.142
118.513967	-1351019.17
118.516823	-1662579.51
118.51968	80713.4943
118.522536	1040052.97
118.525392	908098.654
118.528248	1076777.14
118.531104	260308.635
118.53396	-695854.765
118.536816	-1084695.13
118.539672	-1062581.07
118.542529	-559368.165
118.545385	982051.207
118.548241	1642888.51
118.551097	803093.869
118.553953	-207637.357
118.556809	-1180638.81
118.559665	-709673.479
118.562522	-229951.09
118.565378	-1413448.16
118.568234	388451.075
118.57109	2181357.41
118.573946	800022.292
118.576802	-444506.79
118.579658	-1255569.84
118.582515	-448334.655
118.585371	116881.207
118.588227	-483615.802
118.591083	787528.249
118.593939	1572431.64
118.596795	387008.491
118.599651	-720282.543
118.602507	-945599.053
118.605364	-94034.6714
118.60822	117298.123
118.611076	559187.531
118.613932	1204622.43
118.616788	659116.402
118.619644	-108784.967
118.6225	-671176.975
118.625357	-636095.759
118.628213	-281227.143
118.631069	-408672.065
118.633925	549290.063
118.636781	1295646.78
118.639637	427917.047
118.642493	-323249.24
118.645349	-524171.311
118.648206	-498400.502
118.651062	-253204.218
118.653918	316174.565
118.656774	801304.47
118.65963	729112.449
118.662486	70576.8245
118.665342	-555734.416
118.668199	-533598.11
118.671055	-71035.8992
118.673911	372413.554
118.676767	719111.941
118.679623	503430.626
118.682479	41188.1869
118.685335	-402247.363
118.688191	-574463.566
118.691048	-324178.048
118.693904	233678.318
118.69676	657675.097
118.699616	487178.821
118.702472	73469.019
118.705328	-335051.517
118.708184	-826757.815
118.711041	-392983.639
118.713897	87301.6807
118.716753	-6008.45996
118.719609	497549.333
118.722465	600888.985
118.725321	75266.7806
118.728177	-495273.071
118.731034	-1160949.83
118.73389	-173883.792
118.736746	714472.997
118.739602	11571.1131
118.742458	309432.306
118.745314	591210.5
118.74817	33118.3383
118.751026	-606712.478
118.753883	-1178813.33
118.756739	-90923.4823
118.759595	954931.778
118.762451	478646.557
118.765307	346061.471
118.768163	199308.625
118.771019	-322721.532
118.773876	-969293.697
118.776732	-711635.043
118.779588	84640.5765
118.782444	108448.867
118.7853	562772.756
118.788156	835057.545
118.791012	175072.625
118.793868	-511665.368
118.796725	-1279393.12
118.799581	-230358.148
118.802437	650512.889
118.805293	-479010.135
118.808149	249819.306
118.811005	1159613.74
118.813861	411909.527
118.816718	-308214.47
118.819574	-1056399.43
118.82243	-490588.354
118.825286	697990.698
118.828142	489178.079
118.830998	417932.81
118.833854	540374.739
118.83671	51181.0201
118.839567	-460752.467
118.842423	-767140.937
118.845279	-882309.118
118.848135	348028.563
118.850991	1275585.12
118.853847	581853.429
118.856703	46570.9893
118.85956	-409358.287
118.862416	-570576.21
118.865272	-160590.973
118.868128	-218578.245
118.870984	57040.1183
118.87384	763809.229
118.876696	523274.862
118.879552	-3368.93488
118.882409	-494061.092
118.885265	-311779.499
118.888121	177044.675
118.890977	307347.257
118.893833	323013.896
118.896689	264154.307
118.899545	86849.6794
118.902402	-259143.102
118.905258	-275066.264
118.908114	2378.64328
118.91097	-115144.47
118.913826	132767.872
118.916682	432348.388
118.919538	56441.997
118.922395	-380345.988
118.925251	-883867.1
118.928107	-35712.7686
118.930963	785263.599
118.933819	235395.335
118.936675	151816.245
118.939531	187391.996
118.942387	-133645.711
118.945244	-603708.304
118.9481	-1225605.73
118.950956	4264.36807
118.953812	1237001.88
118.956668	626838.006
118.959524	187996.645
118.96238	-112796.787
118.965237	-449253.445
118.968093	-569377.917
118.970949	-452171.894
118.973805	333960.684
118.976661	815725.276
118.979517	349554.424
118.982373	-10104.0319
118.985229	-372251.683
118.988086	-876318.88
118.990942	-642627.01
118.993798	395178.236
118.996654	747821.583
118.99951	516303.357
119.002366	282193.031
119.005222	-21528.4659
119.008079	-370337.712
119.010935	-862458.398
119.013791	-607193.823
119.016647	450706.635
119.019503	638544.778
119.022359	408987.492
119.025215	342749.291
119.028071	20250.8698
119.030928	-295640.335
119.033784	-335729.164
119.03664	-468902.684
119.039496	52199.1811
119.042352	586343.735
119.045208	303784.243
119.048064	89335.4619
119.050921	-282048.693
119.053777	-533032.704
119.056633	-150876.345
119.059489	170868.95
119.062345	142787.985
119.065201	364234.127
119.068057	327195.169
119.070914	-23216.413
119.07377	-391712.605
119.076626	-469064.477
119.079482	-88102.6353
119.082338	226272.858
119.085194	6369.09829
119.08805	208673.762
119.090906	506808.083
119.093763	170891.359
119.096619	-151625.73
119.099475	-484927.398
119.102331	-150894.413
119.105187	321760.829
119.108043	86648.0457
119.110899	67326.3086
119.113756	79540.5565
119.116612	-291057.665
119.119468	-369858.427
119.122324	-134034.209
119.12518	262076.779
119.128036	337035.131
119.130892	125854.362
119.133748	-48788.2745
119.136605	-488578.688
119.139461	-1112320.74
119.142317	-655106.437
119.145173	611384.386
119.148029	837044.242
119.150885	305647.282
119.153741	128963.979
119.156598	29712.4056
119.159454	-545988.707
119.16231	-1312383.56
119.165166	-436485.872
119.168022	1117028.91
119.170878	985794.23
119.173734	337585.563
119.17659	79575.2158
119.179447	-127083.783
119.182303	-634988.941
119.185159	-931015.286
119.188015	115369.489
119.190871	999554.703
119.193727	573081.488
119.196583	122765.179
119.19944	-244931.859
119.202296	-781359.715
119.205152	-1566749.56
119.208008	-413117.921
119.210864	1223006.03
119.21372	1015568.71
119.216576	500092.647
119.219432	40366.868
119.222289	-401831.359
119.225145	-1134939.33
119.228001	-2199340.98
119.230857	-101224.476
119.233713	2166640.3
119.236569	1261687.83
119.239425	517306.11
119.242282	108485.103
119.245138	-248175.112
119.247994	-763681.019
119.25085	-1098120.14
119.253706	246553.551
119.256562	1259782.04
119.259418	634447.464
119.262275	204393.451
119.265131	-83420.3364
119.267987	-447334.3
119.270843	-941897.255
119.273699	-107963.587
119.276555	894790.494
119.279411	556642.643
119.282267	175531.956
119.285124	-87802.9531
119.28798	-401757.953
119.290836	-949117.478
119.293692	-1368448.18
119.296548	216222.165
119.299404	1464588.86
119.30226	737909.952
119.305117	241009.46
119.307973	-75206.9393
119.310829	-449682.511
119.313685	-1027770.14
119.316541	-901267.141
119.319397	563948.214
119.322253	1192463.82
119.325109	564153.88
119.327966	140176.464
119.330822	-183212.923
119.333678	-595715.767
119.336534	-791689.718
119.33939	-13559.497
119.342246	762840.927
119.345102	560973.59
119.347959	135738.926
119.350815	-214251.069
119.353671	-697222.412
119.356527	-1462287.72
119.359383	-1044790.81
119.362239	874031.985
119.365095	1450624.89
119.367951	649544.044
119.370808	112485
119.373664	-316565.88
119.37652	-959160.942
119.379376	-1974036.48
119.382232	-1157198.07
119.385088	1325938.85
119.387944	1793770.41
119.390801	772588.582
119.393657	65150.5643
119.396513	-539104.541
119.399369	-992566.165
119.402225	-1362412.02
119.405081	-123695.705
119.407937	1479445.57
119.410794	1127822.3
119.41365	305217.14
119.416506	-381196.023
119.419362	-1207207.58
119.422218	-1484498.2
119.425074	-785009.075
119.42793	1088692.36
119.430786	1878600.88
119.433643	862958.539
119.436499	168452.932
119.439355	-398614.122
119.442211	-1209672.87
119.445067	-2045058.7
119.447923	-672611.204
119.450779	1703067.32
119.453636	1769180.4
119.456492	757142.753
119.459348	80382.67
119.462204	-502052.619
119.46506	-923603.282
119.467916	-1224671.05
119.470772	119186.288
119.473628	1494484.34
119.476485	915163.682
119.479341	196458.772
119.482197	-428717.177
119.485053	-1190528
119.487909	-953882.305
119.490765	10100.8316
119.493621	976984.288
119.496478	1224556.65
119.499334	491027.908
119.50219	-63486.7268
119.505046	-666318
119.507902	-1528764.88
119.510758	-1060591.61
119.513614	699663.191
119.51647	1461540.37
119.519327	1044839.37
119.522183	419677.798
119.525039	6201.75267
119.527895	-423151.039
119.530751	-1023190.81
119.533607	-726650.913
119.536463	559221.631
119.53932	1006408.02
119.542176	540583.18
119.545032	74893.9072
119.547888	-352324.521
119.550744	-926478.295
119.5536	-987275.891
119.556456	71777.683
119.559312	955434.013
119.562169	715151.703
119.565025	105512.197
119.567881	-461831.466
119.570737	-1251357.2
119.573593	-1888487.17
119.576449	-896771.971
119.579305	1039962.37
119.582162	1681304.85
119.585018	1037036.26
119.587874	186909.611
119.59073	-591740.144
119.593586	-1587555.93
119.596442	-1534777.44
119.599298	-342368.573
119.602155	1152432.68
119.605011	1780691.34
119.607867	1002068.56
119.610723	190216.553
119.613579	-516580.768
119.616435	-1203824.36
119.619291	-1093822.53
119.622147	-94597.2091
119.625004	1077846.66
119.62786	1163608.02
119.630716	207744.479
119.633572	-744561.492
119.636428	-1954965.91
119.639284	-1766080.59
119.64214	302264.168
119.644997	1664432.79
119.647853	1509513.57
119.650709	680822.454
119.653565	-268697.705
119.656421	-1441879.36
119.659277	-3158590.25
119.662133	-2040657.82
119.664989	1487704.23
119.667846	2846641.24
119.670702	2025060.19
119.673558	770292.851
119.676414	-113726.422
119.67927	-1077081.31
119.682126	-2009027.16
119.684982	-740617.526
119.687839	1509031.14
119.690695	1789695.91
119.693551	996325.629
119.696407	206337.901
119.699263	-511124.501
119.702119	-1424936.08
119.704975	-1146259.86
119.707831	802594.169
119.710688	1583934.95
119.713544	821050.352
119.7164	164790.887
119.719256	-372694.116
119.722112	-1165074
119.724968	-2430556.23
119.727824	-1597765.21
119.730681	1572401.84
119.733537	2399699.24
119.736393	1120541.52
119.739249	298547.226
119.742105	-305019.942
119.744961	-1115675.08
119.747817	-2162773.8
119.750674	-1235554.25
119.75353	1531346.83
119.756386	2138735.04
119.759242	964575.116
119.762098	171410.17
119.764954	-462233.845
119.76781	-880478.989
119.770666	-974051.869
119.773523	43074.0228
119.776379	1073193.84
119.779235	830737.273
119.782091	240752.7
119.784947	-466943.861
119.787803	-1382713.03
119.790659	-1804000.75
119.793516	-935274.272
119.796372	1269193.14
119.799228	2046436.4
119.802084	867132.375
119.80494	18317.6017
119.807796	-779032.131
119.810652	-1931732.37
119.813508	-2408627.5
119.816365	-1177658.66
119.819221	1714529.8
119.822077	2701806.21
119.824933	1125023.65
119.827789	-59526.6559
119.830645	-1179863.03
119.833501	-1910809.8
119.836358	-1259429.98
119.839214	432700.186
119.84207	1849857.06
119.844926	1632996.57
119.847782	352699.006
119.850638	-857607.329
119.853494	-2372666
119.85635	-2261070.91
119.859207	6615.60538
119.862063	2279436.08
119.864919	2411407.24
119.867775	953161.33
119.870631	-110550.119
119.873487	-1253309.36
119.876343	-2901491.08
119.8792	-2264025.52
119.882056	917351.604
119.884912	2762706.85
119.887768	2202498.88
119.890624	826369.761
119.89348	-171238.74
119.896336	-1270922.86
119.899193	-2440121.5
119.902049	-1330247.07
119.904905	1591600.37
119.907761	2368305.93
119.910617	1232736.19
119.913473	156801.236
119.916329	-815887.005
119.919185	-1726387.87
119.922042	-1781174.99
119.924898	249476.604
119.927754	2149185.91
119.93061	1684021.08
119.933466	556587.284
119.936322	-324852.268
119.939178	-1326986.48
119.942035	-1836946.6
119.944891	-1095786.58
119.947747	1125143.62
119.950603	2268405.91
119.953459	1315600.99
119.956315	435460.068
119.959171	-204249.856
119.962027	-945741.19
119.964884	-1448614.54
119.96774	-769607.697
119.970596	1083485.53
119.973452	1645569.35
119.976308	701493.246
119.979164	7232.76536
119.98202	-634804.123
119.984877	-1093088.95
119.987733	-697275.844
119.990589	301373.442
119.993445	988961.918
119.996301	777417.615
119.999157	22629.7733
120.002013	-775497.002
120.004869	-1893963.64
120.007726	-2028381.92
120.010582	-161954.108
120.013438	1664268.2
120.016294	1776755.98
120.01915	881186.322
120.022006	-44829.2959
120.024862	-1028075.53
120.027719	-2428390.84
120.030575	-2252241.81
120.033431	-123254.026
120.036287	2172718.06
120.039143	2498673.11
120.041999	1065165.05
120.044855	65960.48
120.047711	-870392.836
120.050568	-1918412.44
120.053424	-1389393.97
120.05628	343003.751
120.059136	1576299.08
120.061992	1466698.62
120.064848	248674.195
120.067704	-949116.652
120.070561	-2546801.88
120.073417	-2907847.99
120.076273	283234.712
120.079129	2765627.73
120.081985	2052476.89
120.084841	819780.521
120.087697	-406367.357
120.090554	-1904937.61
120.09341	-4042282.41
120.096266	-3830340.62
120.099122	1073229.76
120.101978	4485931.38
120.104834	3198253.96
120.10769	1188580.97
120.110546	-177227.719
120.113403	-1182325.23
120.116259	-2247967.33
120.119115	-1642254.78
120.121971	881585.692
120.124827	2471285.48
120.127683	1981045.37
120.130539	551898.929
120.133396	-665014.164
120.136252	-1707559.65
120.139108	-1627943.67
120.141964	776294.483
120.14482	2203458.12
120.147676	1280883.46
120.150532	386605.762
120.153388	-510156.733
120.156245	-1693623.7
120.159101	-2750816.84
120.161957	-1800019.25
120.164813	1826837.89
120.167669	3178931.83
120.170525	1481325.68
120.173381	328047.644
120.176238	-583905.905
120.179094	-1554415.09
120.18195	-1887156.19
120.184806	-569104.392
120.187662	1776918.65
120.190518	2238786.53
120.193374	994972.15
120.19623	127668.905
120.199087	-612928.679
120.201943	-971455.742
120.204799	-622612.165
120.207655	544479.82
120.210511	1265186.22
120.213367	775709.372
120.216223	146605.605
120.21908	-422366.589
120.221936	-1166018.11
120.224792	-1327695.12
120.227648	-469217.612
120.230504	1056155
120.23336	1490075.25
120.236216	605957.366
120.239073	-38262.5371
120.241929	-674694.12
120.244785	-1671208.12
120.247641	-2446041.14
120.250497	-725139.234
120.253353	1988401.75
120.256209	2077423.14
120.259065	791723.162
120.261922	-156680.314
120.264778	-1105395.81
120.267634	-1679364.49
120.27049	-1388274.8
120.273346	304630.974
120.276202	1884001.98
120.279058	1434747.33
120.281915	220419.663
120.284771	-921069.678
120.287627	-1944455.83
120.290483	-1381742.36
120.293339	381586.89
120.296195	1659025.9
120.299051	1633177.98
120.301907	570331.701
120.304764	-505436.709
120.30762	-1798291.46
120.310476	-2556302.31
120.313332	-1483457.6
120.316188	1363322.66
120.319044	2806196.47
120.3219	1719400.85
120.324757	451948.384
120.327613	-587611.273
120.330469	-1881192.07
120.333325	-2473118.07
120.336181	-1186839.98
120.339037	1753529.65
120.341893	2794919.89
120.344749	1293954.96
120.347606	39996.3944
120.350462	-1121943.03
120.353318	-1870511.02
120.356174	-1225650.7
120.35903	466433.62
120.361886	1889715.15
120.364742	1688684.04
120.367599	444981.127
120.370455	-679603.482
120.373311	-2047972.82
120.376167	-2122146.97
120.379023	-405390.029
120.381879	1991494.3
120.384735	2560414.36
120.387591	1164811.84
120.390448	225288.226
120.393304	-585081.012
120.39616	-1627458.39
120.399016	-1438496.67
120.401872	-69675.1074
120.404728	1472984.06
120.407584	1834789.45
120.410441	807669.96
120.413297	82785.9387
120.416153	-558369.411
120.419009	-1007007.77
120.421865	-780763.391
120.424721	219468.317
120.427577	1080437.53
120.430434	865561.281
120.43329	122974.981
120.436146	-613109.135
120.439002	-1572599.97
120.441858	-1465167.62
120.444714	-186711.651
120.44757	1239813.55
120.450426	1624782.18
120.453283	753955.545
120.456139	-37673.1104
120.458995	-877829.999
120.461851	-2049007.57
120.464707	-1465479.34
120.467563	694932.922
120.470419	1856213.27
120.473276	1552177.33
120.476132	611898.136
120.478988	-54129.2933
120.481844	-756672.595
120.4847	-1522614.96
120.487556	-732209.449
120.490412	1047624.87
120.493268	1330081.5
120.496125	597351.532
120.498981	-100470.274
120.501837	-873020.447
120.504693	-2006676.28
120.507549	-1727131.9
120.510405	858668.659
120.513261	2098551.35
120.516118	1146653.57
120.518974	211963.289
120.52183	-570858.975
120.524686	-1709251.58
120.527542	-3326280.97
120.530398	-2112930.07
120.533254	2088695.47
120.53611	3296297.53
120.538967	1664369.81
120.541823	491609.708
120.544679	-371011.49
120.547535	-1438162.53
120.550391	-2227996.62
120.553247	-863115.136
120.556103	1846672.4
120.55896	2284754.52
120.561816	1010671.33
120.564672	140629.32
120.567528	-632052.615
120.570384	-1446680.54
120.57324	-1089999.89
120.576096	750835.422
120.578953	1606874.37
120.581809	932333.536
120.584665	191157.88
120.587521	-446239.055
120.590377	-1350041.15
120.593233	-2346173.7
120.596089	-1020263.13
120.598945	1808653.88
120.601802	2159340.5
120.604658	946135.257
120.607514	133984.773
120.61037	-565115.421
120.613226	-1344622.81
120.616082	-1789938.68
120.618938	-356716.131
120.621795	1767713.25
120.624651	1808229.24
120.627507	803385.934
120.630363	141872.382
120.633219	-406101.066
120.636075	-690305.798
120.638931	-411093.518
120.641787	146567.284
120.644644	742050.669
120.6475	766396.168
120.650356	242795.708
120.653212	-212307.231
120.656068	-779571.058
120.658924	-1164873.75
120.66178	116590
120.664637	1233256.96
120.667493	707436.967
120.670349	201531.603
120.673205	-161186.833
120.676061	-622371.987
120.678917	-1421235.97
120.681773	-1828238.57
120.684629	435778.023
120.687486	2027675.53
120.690342	1007674.98
120.693198	313527.656
120.696054	-143942.117
120.69891	-710101.142
120.701766	-1564969
120.704622	-1080643.12
120.707479	890637.399
120.710335	1519387.54
120.713191	781967.39
120.716047	140077.163
120.718903	-394538.529
120.721759	-947371.325
120.724615	-1580444.03
120.727471	-67723.8228
120.730328	1626305.8
120.733184	999333.822
120.73604	255750.921
120.738896	-331090.078
120.741752	-1040554.94
120.744608	-1401267.85
120.747464	-1362231.68
120.750321	683596.239
120.753177	2129171.2
120.756033	1034454.69
120.758889	284146.726
120.761745	-248342.718
120.764601	-961947.71
120.767457	-2066673.43
120.770314	-1368228.46
120.77317	1331672.07
120.776026	2012223.05
120.778882	855430.674
120.781738	8549.339
120.784594	-739619.122
120.78745	-947502.548
120.790306	-659492.176
120.793163	238438.905
120.796019	1201603.56
120.798875	942884.142
120.801731	169647.996
120.804587	-585120.234
120.807443	-1514342.73
120.810299	-937222.602
120.813156	371145.297
120.816012	1185409.22
120.818868	1339030.3
120.821724	576536.608
120.82458	33262.6832
120.827436	-508659.662
120.830292	-1237597.57
120.833148	-764658.789
120.836005	483528.727
120.838861	1067514.71
120.841717	954653.764
120.844573	390159.095
120.847429	-17753.2061
120.850285	-412104.908
120.853141	-553845.037
120.855998	-264213.719
120.858854	347283.177
120.86171	656409.595
120.864566	369790.115
120.867422	5371.5219
120.870278	-376342.324
120.873134	-929132.837
120.87599	-954688.055
120.878847	344114.226
120.881703	1142918.57
120.884559	672626.273
120.887415	235600.192
120.890271	-52269.8764
120.893127	-377603.238
120.895983	-930038.972
120.89884	-1350720.98
120.901696	235662.124
120.904552	1489508.22
120.907408	774704.053
120.910264	303002.822
120.91312	43654.4357
120.915976	-197223.674
120.918833	-569010.999
120.921689	-903334.383
120.924545	100311.393
120.927401	932558.675
120.930257	432156.56
120.933113	52801.9295
120.935969	-273311.073
120.938825	-739982.917
120.941682	-1032469.56
120.944538	-20345.1378
120.947394	988697.81
120.95025	685829.649
120.953106	197327.156
120.955962	-170989.829
120.958818	-611271.975
120.961675	-1205205.23
120.964531	-1943701.46
120.967387	155159.821
120.970243	2099170.41
120.973099	1059418.69
120.975955	322953.584
120.978811	-181943.578
120.981667	-730876.461
120.984524	-782134.181
120.98738	-657973.198
120.990236	473246.005
120.993092	1337492.48
120.995948	622064.998
120.998804	89453.5943
121.00166	-394567.624
121.004517	-980167.15
121.007373	-251987.766
121.010229	803703.652
121.013085	690643.669
121.015941	371954.405
121.018797	27595.5203
121.021653	-319820.572
121.024509	-850331.462
121.027366	-1243079.96
121.030222	3622.25983
121.033078	1250244.61
121.035934	857307.014
121.03879	326796.357
121.041646	-20598.0016
121.044502	-393577.351
121.047359	-937268.695
121.050215	-773166.915
121.053071	363958.515
121.055927	1003320.71
121.058783	729647.216
121.061639	313789.199
121.064495	51984.2469
121.067351	-199736.14
121.070208	-519833.244
121.073064	-190990.864
121.07592	479268.782
121.078776	484887.883
121.081632	226568.572
121.084488	68542.1917
121.087344	-53794.8367
121.090201	-203797.106
121.093057	-211687.705
121.095913	118143.544
121.098769	281112.293
121.101625	124012.179
121.104481	9214.99405
121.107337	-92375.5953
121.110194	-256135.678
121.11305	-524480.086
121.115906	-344632.718
121.118762	335368.049
121.121618	512950.752
121.124474	239008.336
121.12733	63256.1647
121.130186	-64754.7883
121.133043	-240790.24
121.135899	-515376.66
121.138755	-338994.971
121.141611	338812.963
121.144467	514482.544
121.147323	237525.604
121.150179	54241.7381
121.153036	-93015.4787
121.155892	-259885.48
121.158748	-119219.87
121.161604	-11502.5388
121.16446	93608.7988
121.167316	224934.241
121.170172	35834.7197
121.173028	-164086.906
121.175885	-473075.128
121.178741	-910206.829
121.181597	-8000.14228
121.184453	894012.437
121.187309	457001.324
121.190165	151767.749
121.193021	-32364.9559
121.195878	-232451.667
121.198734	-598913.86
121.20159	-1136970.44
121.204446	-4597.67702
121.207302	1126637.43
121.210158	584408.592
121.213014	207588.746
121.21587	-18281.7683
121.218727	-264736.228
121.221583	-606636.927
121.224439	-343892.763
121.227295	219248.156
121.230151	445561.174
121.233007	398668.035
121.235863	100014.554
121.23872	-170738.66
121.241576	-566261.824
121.244432	-1116437.49
121.247288	11127.0153
121.250144	1141689.29
121.253	602723.101
121.255856	235844.824
121.258713	35661.7954
121.261569	-148302.62
121.264425	-453072.224
121.267281	-889185.758
121.270137	14498.4448
121.272993	919970.352
121.275849	489799.066
121.278705	197183.906
121.281562	36469.7078
121.284418	-114995.96
121.287274	-315251.289
121.29013	-207321.606
121.292986	238489.484
121.295842	351271.936
121.298698	163067.621
121.301555	37714.1778
121.304411	-64394.8458
121.307267	-220601.043
121.310123	-440098.729
121.312979	11386.1739
121.315835	464527.899
121.318691	250832.359
121.321547	107875.823
121.324404	35664.7
121.32726	-20413.3491
121.330116	-101554.061
121.332972	-213029.743
121.335828	11936.1087
121.338684	238573.561
121.34154	132811.285
121.344397	64083.5184
121.347253	34116.3745
121.350109	20185.7712
121.352965	12962.6685
121.355821	8819.26727
121.358677	6221.01859
121.361533	4451.68183
121.364389	3142.34837
121.367246	2080.67582
121.370102	1124.07856
121.372958	151.883302
121.375814	-972.924294
121.37867	-2454.65529
121.381526	-4664.46212
121.384382	-8378.20082
121.387239	-15415.2815
121.390095	-30443.4545
121.392951	-64826.123
121.395807	-117699.853
121.398663	-4345.28623
121.401519	108206.443
121.404375	52578.0248
121.407232	12170.0251
121.410088	-15634.0174
121.412944	-51399.9069
121.4158	-122379.865
121.418656	-228475.752
121.421512	-722.678072
121.424368	226984.829
121.427224	120746.773
121.430081	49510.3547
121.432937	13339.4288
121.435793	-15078.3947
121.438649	-56413.5378
121.441505	-113469.401
121.444361	-3196.1004
121.447217	106326.983
121.450074	46546.2418
121.45293	-1435.40172
121.455786	-46071.7624
121.458642	-121436.982
121.461498	-230456.473
121.464354	-5494.53196
121.46721	218629.798
121.470066	106814.903
121.472923	25690.4487
121.475779	-30065.9879
121.478635	-101633.996
121.481491	-243543.091
121.484347	-455608.026
121.487203	99.9398753
121.490059	455799.366
121.492916	243707.206
121.495772	101746.849
121.498628	30092.5701
121.501484	-25806.0404
121.50434	-107168.827
121.507196	-219399.479
121.510052	3956.35586
121.512908	227387.063
121.515765	115026.656
121.518621	31660.2955
121.521477	-32334.5124
121.524333	-98805.9775
121.527189	7647.48034
121.530045	116378.051
121.532901	58485.9582
121.535758	16669.9395
121.538614	-12036.6516
121.54147	-48385.7573
121.544326	-119733.015
121.547182	-226038.694
121.550038	1630.39197
121.552894	229365.86
121.55575	123268.077
121.558607	52298.8368
121.561463	16554.4739
121.564319	-11218.1508
121.567175	-51585.1022
121.570031	-107162.563
121.572887	5450.802
121.575743	118878.965
121.5786	66092.6481
121.581456	31813.7739
121.584312	16909.2587
121.587168	10020.4212
121.590024	6485.96581
121.59288	4495.43051
121.595736	3285.59855
121.598593	2503.58492
121.601449	1972.20655
121.604305	1596.03188
121.607161	1320.52245
121.610017	1112.90463
121.612873	952.621653
121.615729	826.295709
121.618585	724.938456
121.621442	642.340111
121.624298	574.104157
121.627154	517.049706
121.63001	468.830611
121.632866	427.68633
121.635722	392.275137
121.638578	361.560092
121.641435	334.729573
121.644291	311.140945
121.647147	290.279978
121.650003	271.731191
121.652859	255.155889
121.655715	240.275698
121.658571	226.860076
121.661427	214.716747
121.664284	203.684294
121.66714	193.626375
121.669996	184.427173
121.672852	175.987775
121.675708	168.223284
121.678564	161.060485
121.68142	154.435963
121.684277	148.294555
121.687133	142.58809
121.689989	137.274344
121.692845	132.316175
121.695701	127.680802
121.698557	123.339199
121.701413	119.265588
121.704269	115.437008
121.707126	111.832954
121.709982	108.43506
121.712838	105.226841
121.715694	102.19346
121.71855	99.3215358
121.721406	96.5989704
121.724262	94.0148049
121.727119	91.5590913
121.729975	89.2227818
121.732831	86.9976315
121.735687	84.8761137
121.738543	82.8513455
121.741399	80.9170221
121.744255	79.0673586
121.747112	77.2970392
121.749968	75.6011713
121.752824	73.9752459
121.75568	72.4151008
121.758536	70.9168894
121.761392	69.4770517
121.764248	68.0922887
121.767104	66.7595396
121.769961	65.4759611
121.772817	64.2389087
121.775673	63.0459205
121.778529	61.8947014
121.781385	60.7831099
121.784241	59.7091457
121.787097	58.6709383
121.789954	57.6667373
121.79281	56.6949025
121.795666	55.7538959
121.798522	54.8422741
121.801378	53.9586809
121.804234	53.1018413
121.80709	52.2705556
121.809946	51.4636935
121.812803	50.6801901
121.815659	49.9190405
121.818515	49.1792964
121.821371	48.4600615
121.824227	47.7604888
121.827083	47.0797767
121.829939	46.4171664
121.832796	45.7719391
121.835652	45.143413
121.838508	44.5309418
121.841364	43.9339116
121.84422	43.3517394
121.847076	42.7838713
121.849932	42.2297802
121.852788	41.6889648
121.855645	41.1609478
121.858501	40.6452742
121.861357	40.1415108
121.864213	39.649244
121.867069	39.1680794
121.869925	38.6976406
121.872781	38.2375677
121.875638	37.7875171
121.878494	37.3471601
121.88135	36.9161824
121.884206	36.4942831
121.887062	36.0811742
121.889918	35.6765798
121.892774	35.2802354
121.89563	34.8918876
121.898487	34.5112931
121.901343	34.1382188
121.904199	33.7724405
121.907055	33.4137433
121.909911	33.0619205
121.912767	32.7167735
121.915623	32.3781113
121.91848	32.0457504
121.921336	31.7195139
121.924192	31.3992319
121.927048	31.0847404
121.929904	30.7758819
121.93276	30.4725042
121.935616	30.1744608
121.938473	29.8816104
121.941329	29.5938169
121.944185	29.3109486
121.947041	29.0328788
121.949897	28.7594849
121.952753	28.4906485
121.955609	28.2262554
121.958465	27.9661951
121.961322	27.7103608
121.964178	27.4586493
121.967034	27.2109607
121.96989	26.9671985
121.972746	26.7272691
121.975602	26.491082
121.978458	26.2585496
121.981315	26.029587
121.984171	25.8041121
121.987027	25.5820451
121.989883	25.3633088
121.992739	25.1478284
121.995595	24.9355311
121.998451	24.7263468
122.001307	24.5202068
122.004164	24.3170451
122.00702	24.1167971
122.009876	23.9194005
122.012732	23.7247945
122.015588	23.5329201
122.018444	23.3437202
122.0213	23.157139
122.024157	22.9731224
122.027013	22.7916179
122.029869	22.6125744
122.032725	22.435942
122.035581	22.2616724
122.038437	22.0897186
122.041293	21.9200347
122.044149	21.7525761
122.047006	21.5872995
122.049862	21.4241625
122.052718	21.2631241
122.055574	21.104144
122.05843	20.9471833
122.061286	20.7922039
122.064142	20.6391687
122.066999	20.4880414
122.069855	20.338787
122.072711	20.1913709
122.075567	20.0457596
122.078423	19.9019206
122.081279	19.7598217
122.084135	19.619432
122.086992	19.480721
122.089848	19.3436591
122.092704	19.2082173
122.09556	19.0743674
122.098416	18.9420817
122.101272	18.8113333
122.104128	18.6820959
122.106984	18.5543437
122.109841	18.4280516
122.112697	18.3031951
122.115553	18.1797502
122.118409	18.0576932
122.121265	17.9370015
122.124121	17.8176524
122.126977	17.6996241
122.129834	17.5828951
122.13269	17.4674444
122.135546	17.3532515
122.138402	17.2402963
122.141258	17.1285591
122.144114	17.0180208
122.14697	16.9086625
122.149826	16.8004657
122.152683	16.6934124
122.155539	16.5874849
122.158395	16.482666
122.161251	16.3789387
122.164107	16.2762864
122.166963	16.1746929
122.169819	16.0741421
122.172676	15.9746186
122.175532	15.876107
122.178388	15.7785923
122.181244	15.6820598
122.1841	15.5864952
122.186956	15.4918843
122.189812	15.3982133
122.192668	15.3054686
122.195525	15.2136369
122.198381	15.1227051
122.201237	15.0326605
122.204093	14.9434904
122.206949	14.8551826
122.209805	14.767725
122.212661	14.6811057
122.215518	14.5953131
122.218374	14.5103357
122.22123	14.4261624
122.224086	14.342782
122.226942	14.2601839
122.229798	14.1783574
122.232654	14.0972921
122.23551	14.0169777
122.238367	13.9374043
122.241223	13.8585619
122.244079	13.7804409
122.246935	13.7030318
122.249791	13.6263251
122.252647	13.5503117
122.255503	13.4749826
122.25836	13.400329
122.261216	13.326342
122.264072	13.2530131
122.266928	13.180334
122.269784	13.1082963
122.27264	13.0368918
122.275496	12.9661127
122.278353	12.895951
122.281209	12.826399
122.284065	12.7574491
122.286921	12.6890938
122.289777	12.6213257
122.292633	12.5541378
122.295489	12.4875227
122.298345	12.4214735
122.301202	12.3559834
122.304058	12.2910455
122.306914	12.2266533
122.30977	12.1628
122.312626	12.0994794
122.315482	12.036685
122.318338	11.9744106
122.321195	11.9126501
122.324051	11.8513973
122.326907	11.7906463
122.329763	11.7303913
122.332619	11.6706265
122.335475	11.6113462
122.338331	11.5525448
122.341187	11.4942168
122.344044	11.4363567
122.3469	11.3789592
122.349756	11.3220191
122.352612	11.2655311
122.355468	11.2094902
122.358324	11.1538913
122.36118	11.0987295
122.364037	11.0439998
122.366893	10.9896975
122.369749	10.9358179
122.372605	10.8823562
122.375461	10.8293078
122.378317	10.7766682
122.381173	10.724433
122.384029	10.6725978
122.386886	10.6211581
122.389742	10.5701098
122.392598	10.5194485
122.395454	10.4691702
122.39831	10.4192708
122.401166	10.3697462
122.404022	10.3205923
122.406879	10.2718054
122.409735	10.2233815
122.412591	10.1753168
122.415447	10.1276075
122.418303	10.0802499
122.421159	10.0332404
122.424015	9.9865753
122.426872	9.94025109
122.429728	9.89426425
122.432584	9.8486113
122.43544	9.80328882
122.438296	9.75829345
122.441152	9.71362184
122.444008	9.66927072
122.446864	9.62523684
122.449721	9.58151701
122.452577	9.53810807
122.455433	9.49500692
122.458289	9.45221047
122.461145	9.40971569
122.464001	9.3675196
122.466857	9.32561924
122.469714	9.28401169
122.47257	9.24269408
122.475426	9.20166356
122.478282	9.16091734
122.481138	9.12045265
122.483994	9.08026675
122.48685	9.04035695
122.489706	9.00072057
122.492563	8.96135501
122.495419	8.92225765
122.498275	8.88342593
122.501131	8.84485733
122.503987	8.80654934
122.506843	8.76849949
122.509699	8.73070535
122.512556	8.6931645
122.515412	8.65587458
122.518268	8.61883322
122.521124	8.58203812
122.52398	8.54548697
122.526836	8.50917752
122.529692	8.47310753
122.532548	8.43727478
122.535405	8.4016771
122.538261	8.36631233
122.541117	8.33117834
122.543973	8.29627303
122.546829	8.26159431
122.549685	8.22714013
122.552541	8.19290846
122.555398	8.15889729
122.558254	8.12510463
122.56111	8.09152854
122.563966	8.05816707
122.566822	8.02501831
122.569678	7.99208036
122.572534	7.95935136
122.57539	7.92682945
122.578247	7.89451282
122.581103	7.86239965
122.583959	7.83048816
122.586815	7.79877659
122.589671	7.76726318
122.592527	7.73594622
122.595383	7.704824
122.59824	7.67389484
122.601096	7.64315706
122.603952	7.61260902
122.606808	7.58224909
122.609664	7.55207566
122.61252	7.52208714
122.615376	7.49228194
122.618233	7.46265852
122.621089	7.43321532
122.623945	7.40395083
122.626801	7.37486355
122.629657	7.34595197
122.632513	7.31721462
122.635369	7.28865005
122.638225	7.26025682
122.641082	7.23203349
122.643938	7.20397865
122.646794	7.17609092
122.64965	7.14836891
122.652506	7.12081125
122.655362	7.09341659
122.658218	7.0661836
122.661075	7.03911095
122.663931	7.01219733
122.666787	6.98544145
122.669643	6.95884203
122.672499	6.9323978
122.675355	6.90610751
122.678211	6.87996991
122.681067	6.85398377
122.683924	6.82814789
122.68678	6.80246106
122.689636	6.77692208
122.692492	6.75152979
122.695348	6.72628301
122.698204	6.7011806
122.70106	6.6762214
122.703917	6.65140429
122.706773	6.62672816
122.709629	6.60219189
122.712485	6.57779438
122.715341	6.55353456
122.718197	6.52941136
122.721053	6.5054237
122.723909	6.48157053
122.726766	6.45785082
122.729622	6.43426353
122.732478	6.41080765
122.735334	6.38748215
122.73819	6.36428605
122.741046	6.34121835
122.743902	6.31827807
122.746759	6.29546423
122.749615	6.27277589
122.752471	6.25021207
122.755327	6.22777186
122.758183	6.2054543
122.761039	6.18325847
122.763895	6.16118347
122.766752	6.13922838
122.769608	6.1173923
122.772464	6.09567435
122.77532	6.07407365
122.778176	6.05258932
122.781032	6.03122051
122.783888	6.00996635
122.786744	5.988826
122.789601	5.96779861
122.792457	5.94688337
122.795313	5.92607944
122.798169	5.90538602
122.801025	5.88480229
122.803881	5.86432745
122.806737	5.84396071
122.809594	5.82370129
122.81245	5.80354841
122.815306	5.78350129
122.818162	5.76355918
122.821018	5.74372132
122.823874	5.72398696
122.82673	5.70435536
122.829586	5.68482578
122.832443	5.66539749
122.835299	5.64606978
122.838155	5.62684193
122.841011	5.60771322
122.843867	5.58868297
122.846723	5.56975046
122.849579	5.55091502
122.852436	5.53217595
122.855292	5.51353259
122.858148	5.49498426
122.861004	5.4765303
122.86386	5.45817005
122.866716	5.43990285
122.869572	5.42172806
122.872428	5.40364504
122.875285	5.38565316
122.878141	5.36775177
122.880997	5.34994027
122.883853	5.33221802
122.886709	5.31458443
122.889565	5.29703887
122.892421	5.27958075
122.895278	5.26220947
122.898134	5.24492444
122.90099	5.22772507
122.903846	5.21061078
122.906702	5.193581
122.909558	5.17663515
122.912414	5.15977267
122.915271	5.14299299
122.918127	5.12629556
122.920983	5.10967983
122.923839	5.09314525
122.926695	5.07669127
122.929551	5.06031737
122.932407	5.04402301
122.935263	5.02780765
122.93812	5.01167078
122.940976	4.99561187
122.943832	4.97963041
122.946688	4.9637259
122.949544	4.94789781
122.9524	4.93214566
122.955256	4.91646894
122.958113	4.90086716
122.960969	4.88533983
122.963825	4.86988647
122.966681	4.85450659
122.969537	4.83919971
122.972393	4.82396537
122.975249	4.80880309
122.978105	4.79371241
122.980962	4.77869287
122.983818	4.763744
122.986674	4.74886536
122.98953	4.73405649
122.992386	4.71931696
122.995242	4.7046463
122.998098	4.69004409
123.000955	4.67550989
123.003811	4.66104327
123.006667	4.6466438
123.009523	4.63231105
123.012379	4.6180446
123.015235	4.60384404
123.018091	4.58970894
123.020947	4.5756389
123.023804	4.56163352
123.02666	4.54769237
123.029516	4.53381507
123.032372	4.52000122
123.035228	4.50625041
123.038084	4.49256226
123.04094	4.47893637
123.043797	4.46537237
123.046653	4.45186987
123.049509	4.43842849
123.052365	4.42504785
123.055221	4.41172757
123.058077	4.3984673
123.060933	4.38526666
123.063789	4.37212528
123.066646	4.3590428
123.069502	4.34601886
123.072358	4.33305312
123.075214	4.3201452
123.07807	4.30729477
123.080926	4.29450147
123.083782	4.28176496
123.086639	4.26908489
123.089495	4.25646093
123.092351	4.24389273
123.095207	4.23137997
123.098063	4.2189223
123.100919	4.20651941
123.103775	4.19417095
123.106632	4.18187662
123.109488	4.16963608
123.112344	4.15744901
123.1152	4.1453151
123.118056	4.13323403
123.120912	4.1212055
123.123768	4.10922918
123.126624	4.09730477
123.129481	4.08543197
123.132337	4.07361047
123.135193	4.06183997
123.138049	4.05012017
123.140905	4.03845078
123.143761	4.0268315
123.146617	4.01526204
123.149474	4.0037421
123.15233	3.99227141
123.155186	3.98084967
123.158042	3.9694766
123.160898	3.95815193
123.163754	3.94687536
123.16661	3.93564663
123.169466	3.92446545
123.172323	3.91333156
123.175179	3.90224468
123.178035	3.89120455
123.180891	3.88021089
123.183747	3.86926344
123.186603	3.85836194
123.189459	3.84750613
123.192316	3.83669575
123.195172	3.82593053
123.198028	3.81521022
123.200884	3.80453458
123.20374	3.79390334
123.206596	3.78331626
123.209452	3.77277308
123.212308	3.76227357
123.215165	3.75181747
123.218021	3.74140454
123.220877	3.73103454
123.223733	3.72070724
123.226589	3.71042239
123.229445	3.70017975
123.232301	3.6899791
123.235158	3.67982019
123.238014	3.66970281
123.24087	3.65962671
123.243726	3.64959167
123.246582	3.63959746
123.249438	3.62964386
123.252294	3.61973064
123.255151	3.60985759
123.258007	3.60002448
123.260863	3.59023109
123.263719	3.58047721
123.266575	3.57076262
123.269431	3.56108711
123.272287	3.55145046
123.275143	3.54185246
123.278	3.53229291
123.280856	3.52277159
123.283712	3.5132883
123.286568	3.50384283
123.289424	3.49443498
123.29228	3.48506454
123.295136	3.47573132
123.297993	3.46643512
123.300849	3.45717573
123.303705	3.44795296
123.306561	3.43876661
123.309417	3.42961649
123.312273	3.4205024
123.315129	3.41142416
123.317985	3.40238158
123.320842	3.39337445
123.323698	3.38440261
123.326554	3.37546585
123.32941	3.36656399
123.332266	3.35769686
123.335122	3.34886426
123.337978	3.34006602
123.340835	3.33130195
123.343691	3.32257187
123.346547	3.31387562
123.349403	3.305213
123.352259	3.29658385
123.355115	3.28798799
123.357971	3.27942524
123.360827	3.27089544
123.363684	3.26239841
123.36654	3.25393398
123.369396	3.24550199
123.372252	3.23710227
123.375108	3.22873464
123.377964	3.22039895
123.38082	3.21209503
123.383677	3.20382271
123.386533	3.19558184
123.389389	3.18737225
123.392245	3.17919379
123.395101	3.17104628
123.397957	3.16292958
123.400813	3.15484353
123.403669	3.14678798
123.406526	3.13876276
123.409382	3.13076772
123.412238	3.12280271
123.415094	3.11486758
123.41795	3.10696217
123.420806	3.09908635
123.423662	3.09123994
123.426519	3.08342282
123.429375	3.07563483
123.432231	3.06787583
123.435087	3.06014566
123.437943	3.05244419
123.440799	3.04477128
123.443655	3.03712677
123.446512	3.02951053
123.449368	3.02192241
123.452224	3.01436228
123.45508	3.00683
123.457936	2.99932543
123.460792	2.99184843
123.463648	2.98439887
123.466504	2.97697661
123.469361	2.96958151
123.472217	2.96221344
123.475073	2.95487228
123.477929	2.94755788
123.480785	2.94027011
123.483641	2.93300884
123.486497	2.92577395
123.489354	2.91856531
123.49221	2.91138279
123.495066	2.90422625
123.497922	2.89709558
123.500778	2.88999064
123.503634	2.88291132
123.50649	2.87585748
123.509346	2.86882901
123.512203	2.86182578
123.515059	2.85484768
123.517915	2.84789457
123.520771	2.84096633
123.523627	2.83406286
