346.467048	-9.0313707
346.469904	-9.05337427
346.47276	-9.07545676
346.475616	-9.09761855
346.478472	-9.11986005
346.481328	-9.14218161
346.484184	-9.16458365
346.48704	-9.18706655
346.489896	-9.2096307
346.492752	-9.2322765
346.495608	-9.25500435
346.498464	-9.27781465
346.50132	-9.3007078
346.504176	-9.3236842
346.507032	-9.34674428
346.509888	-9.36988843
346.512744	-9.39311708
346.5156	-9.41643063
346.518456	-9.43982952
346.521312	-9.46331415
346.524168	-9.48688496
346.527024	-9.51054236
346.52988	-9.5342868
346.532736	-9.5581187
346.535592	-9.58203849
346.538448	-9.60604663
346.541303	-9.63014354
346.544159	-9.65432966
346.547015	-9.67860545
346.549871	-9.70297136
346.552727	-9.72742784
346.555583	-9.75197533
346.558439	-9.77661431
346.561295	-9.80134522
346.564151	-9.82616854
346.567007	-9.85108473
346.569863	-9.87609426
346.572719	-9.9011976
346.575575	-9.92639522
346.578431	-9.95168762
346.581287	-9.97707526
346.584143	-10.0025586
346.586999	-10.0281382
346.589855	-10.0538145
346.592711	-10.0795881
346.595567	-10.1054593
346.598423	-10.1314287
346.601279	-10.1574969
346.604135	-10.1836642
346.606991	-10.2099313
346.609847	-10.2362986
346.612703	-10.2627667
346.615559	-10.2893361
346.618415	-10.3160073
346.62127	-10.3427808
346.624126	-10.3696571
346.626982	-10.3966369
346.629838	-10.4237206
346.632694	-10.4509088
346.63555	-10.478202
346.638406	-10.5056008
346.641262	-10.5331057
346.644118	-10.5607173
346.646974	-10.5884362
346.64983	-10.6162628
346.652686	-10.6441979
346.655542	-10.6722419
346.658398	-10.7003954
346.661254	-10.728659
346.66411	-10.7570333
346.666966	-10.7855189
346.669822	-10.8141163
346.672678	-10.8428262
346.675534	-10.8716492
346.67839	-10.9005858
346.681246	-10.9296367
346.684102	-10.9588024
346.686958	-10.9880837
346.689814	-11.0174811
346.69267	-11.0469953
346.695526	-11.0766268
346.698382	-11.1063763
346.701238	-11.1362444
346.704093	-11.1662319
346.706949	-11.1963392
346.709805	-11.2265672
346.712661	-11.2569163
346.715517	-11.2873874
346.718373	-11.3179811
346.721229	-11.3486979
346.724085	-11.3795387
346.726941	-11.410504
346.729797	-11.4415946
346.732653	-11.4728112
346.735509	-11.5041544
346.738365	-11.5356249
346.741221	-11.5672235
346.744077	-11.5989508
346.746933	-11.6308076
346.749789	-11.6627946
346.752645	-11.6949124
346.755501	-11.7271619
346.758357	-11.7595438
346.761213	-11.7920587
346.764069	-11.8247075
346.766925	-11.8574909
346.769781	-11.8904097
346.772637	-11.9234645
346.775493	-11.9566562
346.778349	-11.9899856
346.781205	-12.0234533
346.78406	-12.0570603
346.786916	-12.0908072
346.789772	-12.1246949
346.792628	-12.1587242
346.795484	-12.1928959
346.79834	-12.2272108
346.801196	-12.2616696
346.804052	-12.2962733
346.806908	-12.3310227
346.809764	-12.3659185
346.81262	-12.4009617
346.815476	-12.436153
346.818332	-12.4714934
346.821188	-12.5069836
346.824044	-12.5426246
346.8269	-12.5784172
346.829756	-12.6143623
346.832612	-12.6504608
346.835468	-12.6867136
346.838324	-12.7231216
346.84118	-12.7596856
346.844036	-12.7964066
346.846892	-12.8332856
346.849748	-12.8703233
346.852604	-12.9075208
346.85546	-12.9448791
346.858316	-12.9823989
346.861172	-13.0200814
346.864028	-13.0579274
346.866883	-13.095938
346.869739	-13.1341141
346.872595	-13.1724566
346.875451	-13.2109666
346.878307	-13.2496451
346.881163	-13.2884931
346.884019	-13.3275116
346.886875	-13.3667015
346.889731	-13.406064
346.892587	-13.4456001
346.895443	-13.4853108
346.898299	-13.5251972
346.901155	-13.5652603
346.904011	-13.6055012
346.906867	-13.645921
346.909723	-13.6865207
346.912579	-13.7273015
346.915435	-13.7682644
346.918291	-13.8094107
346.921147	-13.8507412
346.924003	-13.8922574
346.926859	-13.9339601
346.929715	-13.9758507
346.932571	-14.0179302
346.935427	-14.0601998
346.938283	-14.1026607
346.941139	-14.1453141
346.943995	-14.1881612
346.946851	-14.2312031
346.949706	-14.2744411
346.952562	-14.3178764
346.955418	-14.3615102
346.958274	-14.4053438
346.96113	-14.4493784
346.963986	-14.4936153
346.966842	-14.5380557
346.969698	-14.582701
346.972554	-14.6275523
346.97541	-14.6726111
346.978266	-14.7178787
346.981122	-14.7633563
346.983978	-14.8090453
346.986834	-14.854947
346.98969	-14.9010628
346.992546	-14.9473941
346.995402	-14.9939423
346.998258	-15.0407086
347.001114	-15.0876946
347.00397	-15.1349016
347.006826	-15.1823311
347.009682	-15.2299845
347.012538	-15.2778632
347.015394	-15.3259687
347.01825	-15.3743025
347.021106	-15.4228661
347.023962	-15.471661
347.026818	-15.5206886
347.029673	-15.5699505
347.032529	-15.6194482
347.035385	-15.6691833
347.038241	-15.7191573
347.041097	-15.7693719
347.043953	-15.8198285
347.046809	-15.8705289
347.049665	-15.9214746
347.052521	-15.9726672
347.055377	-16.0241083
347.058233	-16.0757998
347.061089	-16.1277431
347.063945	-16.17994
347.066801	-16.2323923
347.069657	-16.2851015
347.072513	-16.3380695
347.075369	-16.391298
347.078225	-16.4447887
347.081081	-16.4985434
347.083937	-16.552564
347.086793	-16.6068521
347.089649	-16.6614097
347.092505	-16.7162386
347.095361	-16.7713406
347.098217	-16.8267176
347.101073	-16.8823715
347.103929	-16.9383041
347.106785	-16.9945175
347.109641	-17.0510135
347.112496	-17.1077942
347.115352	-17.1648614
347.118208	-17.2222172
347.121064	-17.2798635
347.12392	-17.3378025
347.126776	-17.396036
347.129632	-17.4545663
347.132488	-17.5133954
347.135344	-17.5725254
347.1382	-17.6319584
347.141056	-17.6916965
347.143912	-17.7517419
347.146768	-17.8120969
347.149624	-17.8727635
347.15248	-17.933744
347.155336	-17.9950406
347.158192	-18.0566556
347.161048	-18.1185913
347.163904	-18.18085
347.16676	-18.243434
347.169616	-18.3063457
347.172472	-18.3695873
347.175328	-18.4331614
347.178184	-18.4970702
347.18104	-18.5613164
347.183896	-18.6259022
347.186752	-18.6908302
347.189608	-18.7561028
347.192463	-18.8217227
347.195319	-18.8876924
347.198175	-18.9540144
347.201031	-19.0206913
347.203887	-19.0877258
347.206743	-19.1551205
347.209599	-19.2228781
347.212455	-19.2910013
347.215311	-19.3594928
347.218167	-19.4283554
347.221023	-19.4975918
347.223879	-19.5672048
347.226735	-19.6371974
347.229591	-19.7075723
347.232447	-19.7783325
347.235303	-19.8494808
347.238159	-19.9210203
347.241015	-19.9929538
347.243871	-20.0652844
347.246727	-20.1380152
347.249583	-20.2111492
347.252439	-20.2846894
347.255295	-20.3586391
347.258151	-20.4330013
347.261007	-20.5077793
347.263863	-20.5829764
347.266719	-20.6585956
347.269575	-20.7346404
347.272431	-20.8111141
347.275286	-20.8880199
347.278142	-20.9653614
347.280998	-21.0431419
347.283854	-21.1213649
347.28671	-21.2000339
347.289566	-21.2791524
347.292422	-21.3587239
347.295278	-21.4387522
347.298134	-21.5192407
347.30099	-21.6001933
347.303846	-21.6816136
347.306702	-21.7635054
347.309558	-21.8458724
347.312414	-21.9287186
347.31527	-22.0120477
347.318126	-22.0958637
347.320982	-22.1801706
347.323838	-22.2649723
347.326694	-22.350273
347.32955	-22.4360766
347.332406	-22.5223873
347.335262	-22.6092094
347.338118	-22.6965469
347.340974	-22.7844042
347.34383	-22.8727856
347.346686	-22.9616954
347.349542	-23.0511381
347.352398	-23.141118
347.355254	-23.2316398
347.358109	-23.3227079
347.360965	-23.4143269
347.363821	-23.5065015
347.366677	-23.5992365
347.369533	-23.6925364
347.372389	-23.7864063
347.375245	-23.8808508
347.378101	-23.975875
347.380957	-24.0714838
347.383813	-24.1676822
347.386669	-24.2644753
347.389525	-24.3618683
347.392381	-24.4598663
347.395237	-24.5584746
347.398093	-24.6576985
347.400949	-24.7575434
347.403805	-24.8580148
347.406661	-24.9591181
347.409517	-25.0608589
347.412373	-25.1632428
347.415229	-25.2662755
347.418085	-25.3699628
347.420941	-25.4743105
347.423797	-25.5793245
347.426653	-25.6850108
347.429509	-25.7913754
347.432365	-25.8984244
347.435221	-26.0061639
347.438076	-26.1146003
347.440932	-26.2237399
347.443788	-26.333589
347.446644	-26.4441541
347.4495	-26.5554419
347.452356	-26.6674588
347.455212	-26.7802117
347.458068	-26.8937074
347.460924	-27.0079526
347.46378	-27.1229544
347.466636	-27.2387199
347.469492	-27.355256
347.472348	-27.4725702
347.475204	-27.5906696
347.47806	-27.7095618
347.480916	-27.8292541
347.483772	-27.9497541
347.486628	-28.0710696
347.489484	-28.1932084
347.49234	-28.3161782
347.495196	-28.439987
347.498052	-28.5646431
347.500908	-28.6901544
347.503764	-28.8165293
347.50662	-28.9437762
347.509476	-29.0719036
347.512332	-29.2009201
347.515188	-29.3308344
347.518044	-29.4616553
347.520899	-29.5933918
347.523755	-29.7260529
347.526611	-29.8596478
347.529467	-29.9941858
347.532323	-30.1296763
347.535179	-30.2661289
347.538035	-30.4035532
347.540891	-30.5419591
347.543747	-30.6813565
347.546603	-30.8217553
347.549459	-30.963166
347.552315	-31.1055986
347.555171	-31.2490639
347.558027	-31.3935723
347.560883	-31.5391346
347.563739	-31.6857618
347.566595	-31.8334648
347.569451	-31.982255
347.572307	-32.1321436
347.575163	-32.2831423
347.578019	-32.4352626
347.580875	-32.5885165
347.583731	-32.742916
347.586587	-32.8984731
347.589443	-33.0552004
347.592299	-33.2131103
347.595155	-33.3722156
347.598011	-33.5325291
347.600866	-33.6940638
347.603722	-33.8568332
347.606578	-34.0208506
347.609434	-34.1861296
347.61229	-34.3526842
347.615146	-34.5205284
347.618002	-34.6896764
347.620858	-34.8601428
347.623714	-35.0319421
347.62657	-35.2050893
347.629426	-35.3795995
347.632282	-35.5554882
347.635138	-35.7327707
347.637994	-35.911463
347.64085	-36.0915811
347.643706	-36.2731413
347.646562	-36.4561602
347.649418	-36.6406545
347.652274	-36.8266414
347.65513	-37.014138
347.657986	-37.2031621
347.660842	-37.3937315
347.663698	-37.5858643
347.666554	-37.7795789
347.66941	-37.9748941
347.672266	-38.1718289
347.675122	-38.3704026
347.677978	-38.5706348
347.680834	-38.7725455
347.683689	-38.9761549
347.686545	-39.1814836
347.689401	-39.3885525
347.692257	-39.5973829
347.695113	-39.8079964
347.697969	-40.020415
347.700825	-40.234661
347.703681	-40.450757
347.706537	-40.6687263
347.709393	-40.8885922
347.712249	-41.1103785
347.715105	-41.3341096
347.717961	-41.5598102
347.720817	-41.7875053
347.723673	-42.0172204
347.726529	-42.2489815
347.729385	-42.482815
347.732241	-42.7187478
347.735097	-42.9568072
347.737953	-43.1970211
347.740809	-43.4394177
347.743665	-43.6840259
347.746521	-43.9308749
347.749377	-44.1799946
347.752233	-44.4314154
347.755089	-44.6851682
347.757945	-44.9412845
347.760801	-45.1997964
347.763657	-45.4607364
347.766512	-45.7241379
347.769368	-45.9900347
347.772224	-46.2584612
347.77508	-46.5294527
347.777936	-46.8030448
347.780792	-47.0792742
347.783648	-47.3581778
347.786504	-47.6397936
347.78936	-47.9241602
347.792216	-48.2113169
347.795072	-48.5013037
347.797928	-48.7941616
347.800784	-49.0899322
347.80364	-49.388658
347.806496	-49.6903822
347.809352	-49.9951492
347.812208	-50.303004
347.815064	-50.6139924
347.81792	-50.9281615
347.820776	-51.245559
347.823632	-51.5662339
347.826488	-51.8902358
347.829344	-52.2176157
347.8322	-52.5484255
347.835056	-52.8827181
347.837912	-53.2205476
347.840768	-53.5619693
347.843624	-53.9070396
347.846479	-54.2558161
347.849335	-54.6083577
347.852191	-54.9647244
347.855047	-55.3249778
347.857903	-55.6891804
347.860759	-56.0573966
347.863615	-56.4296918
347.866471	-56.8061331
347.869327	-57.1867889
347.872183	-57.5717294
347.875039	-57.9610262
347.877895	-58.3547525
347.880751	-58.7529832
347.883607	-59.1557951
347.886463	-59.5632666
347.889319	-59.9754781
347.892175	-60.3925115
347.895031	-60.8144511
347.897887	-61.241383
347.900743	-61.6733953
347.903599	-62.1105784
347.906455	-62.5530247
347.909311	-63.0008289
347.912167	-63.4540881
347.915023	-63.9129018
347.917879	-64.3773719
347.920735	-64.847603
347.923591	-65.323702
347.926447	-65.805779
347.929302	-66.2939465
347.932158	-66.7883201
347.935014	-67.2890184
347.93787	-67.796163
347.940726	-68.3098787
347.943582	-68.8302938
347.946438	-69.3575397
347.949294	-69.8917516
347.95215	-70.4330682
347.955006	-70.981632
347.957862	-71.5375896
347.960718	-72.1010913
347.963574	-72.6722918
347.96643	-73.2513502
347.969286	-73.83843
347.972142	-74.4336992
347.974998	-75.037331
347.977854	-75.6495032
347.98071	-76.2703991
347.983566	-76.9002071
347.986422	-77.5391214
347.989278	-78.1873419
347.992134	-78.8450744
347.99499	-79.5125311
347.997846	-80.1899306
348.000702	-80.8774983
348.003558	-81.5754663
348.006414	-82.2840744
348.00927	-83.0035696
348.012125	-83.7342069
348.014981	-84.4762494
348.017837	-85.2299689
348.020693	-85.9956458
348.023549	-86.7735697
348.026405	-87.5640402
348.029261	-88.3673663
348.032117	-89.183868
348.034973	-90.0138758
348.037829	-90.8577316
348.040685	-91.7157894
348.043541	-92.5884151
348.046397	-93.4759879
348.049253	-94.3789004
348.052109	-95.297559
348.054965	-96.2323851
348.057821	-97.1838155
348.060677	-98.152303
348.063533	-99.1383172
348.066389	-100.142346
348.069245	-101.164894
348.072101	-102.206487
348.074957	-103.267671
348.077813	-104.349012
348.080669	-105.4511
348.083525	-106.574547
348.086381	-107.719991
348.089237	-108.888094
348.092092	-110.079547
348.094948	-111.295069
348.097804	-112.535409
348.10066	-113.801347
348.103516	-115.093699
348.106372	-116.413313
348.109228	-117.761076
348.112084	-119.137914
348.11494	-120.544793
348.117796	-121.982724
348.120652	-123.452764
348.123508	-124.956018
348.126364	-126.493642
348.12922	-128.06685
348.132076	-129.676909
348.134932	-131.32515
348.137788	-133.01297
348.140644	-134.741832
348.1435	-136.513274
348.146356	-138.328911
348.149212	-140.190442
348.152068	-142.099653
348.154924	-144.058423
348.15778	-146.068733
348.160636	-148.132667
348.163492	-150.252427
348.166348	-152.430333
348.169204	-154.668835
348.17206	-156.970523
348.174915	-159.338136
348.177771	-161.774569
348.180627	-164.282891
348.183483	-166.866353
348.186339	-169.528403
348.189195	-172.272699
348.192051	-175.103129
348.194907	-178.023826
348.197763	-181.039186
348.200619	-184.153895
348.203475	-187.372942
348.206331	-190.701657
348.209187	-194.145726
348.212043	-197.711232
348.214899	-201.404682
348.217755	-205.233048
348.220611	-209.203806
348.223467	-213.324983
348.226323	-217.605204
348.229179	-222.053751
348.232035	-226.680624
348.234891	-231.49661
348.237747	-236.513359
348.240603	-241.743469
348.243459	-247.200586
348.246315	-252.899505
348.249171	-258.856298
348.252027	-265.088446
348.254882	-271.61499
348.257738	-278.456711
348.260594	-285.63632
348.26345	-293.178687
348.266306	-301.111089
348.269162	-309.463503
348.272018	-318.268941
348.274874	-327.563822
348.27773	-337.388419
348.280586	-347.787358
348.283442	-358.81021
348.286298	-370.512164
348.289154	-382.954824
348.29201	-396.207134
348.294866	-410.34647
348.297722	-425.459917
348.300578	-441.645794
348.303434	-459.015453
348.30629	-477.695437
348.309146	-497.830065
348.312002	-519.584544
348.314858	-543.14875
348.317714	-568.741829
348.32057	-596.617839
348.323426	-627.072713
348.326282	-660.452901
348.329138	-697.166183
348.331994	-737.695287
348.33485	-782.615192
348.337705	-832.615282
348.340561	-888.527995
348.343417	-951.366214
348.346273	-1022.37259
348.349129	-1103.08535
348.351985	-1195.42719
348.354841	-1301.82687
348.357697	-1425.38815
348.360553	-1570.12786
348.363409	-1741.31755
348.366265	-1945.98272
348.369121	-2193.64762
348.371977	-2497.47183
348.374833	-2876.02878
348.377689	-3356.16745
348.380545	-3977.76289
348.383401	-4801.88201
348.386257	-5925.38236
348.389113	-7508.19131
348.391969	-9826.87611
348.394825	-13385.8137
348.397681	-19161.9777
348.400537	-29175.506
348.403393	-47860.9344
348.406249	-85035.4737
348.409105	-156650.443
348.411961	-223941.464
348.414817	-12616.5287
348.417673	197297.286
348.420528	125322.345
348.423384	44132.5683
348.42624	-11324.6529
348.429096	-65699.2537
348.431952	-148286.9
348.434808	-295250.993
348.437664	-430853.624
348.44052	-7145.91823
348.443376	415868.015
348.446232	277914.871
348.449088	125937.351
348.451944	33165.0585
348.4548	-42194.6925
348.457656	-136057.499
348.460512	-219285.901
348.463368	-23238.1684
348.466224	166611.716
348.46908	60877.6624
348.471936	-86085.3585
348.474792	-267670.249
348.477648	-422608.154
348.480504	-12623.8553
348.48336	396877.857
348.486216	241042.102
348.489072	60093.5979
348.491928	-86189.2033
348.494784	-268840.646
348.49764	-571033.31
348.500495	-846142.881
348.503351	-336.970202
348.506207	845494.98
348.509063	570468.338
348.511919	268431.462
348.514775	86041.1922
348.517631	-59813.8531
348.520487	-240052.094
348.523343	-394666.818
348.526199	17041.2158
348.529055	431264.407
348.531911	285020.137
348.534767	121980.622
348.537623	9575.52759
348.540479	-100252.44
348.543335	-188573.232
348.546191	9762.25214
348.549047	210211.089
348.551903	129390.985
348.554759	36887.3139
348.557615	-37715.4213
348.560471	-130117.513
348.563327	-282018.641
348.566183	-420178.077
348.569039	2275.67231
348.571895	424871.598
348.574751	287155.41
348.577607	136052.566
348.580463	44907.9274
348.583318	-27796.7044
348.586174	-117449.268
348.58903	-193915.127
348.591886	13401.9342
348.594742	223082.463
348.597598	154642.983
348.600454	82137.6942
348.60331	44196.4185
348.606166	24783.2819
348.609022	14019.8581
348.611878	7418.68231
348.614734	2904.58895
348.61759	-566.097854
348.620446	-3587.96405
348.623302	-6569.1855
348.626158	-9873.11689
348.629014	-13927.5904
348.63187	-19360.7098
348.634726	-27239.6761
348.637582	-39571.3952
348.640438	-60453.0208
348.643294	-98825.229
348.64615	-174424.73
348.649006	-319314.726
348.651862	-456237.823
348.654718	-37099.4182
348.657574	377105.62
348.66043	223491.276
348.663285	43174.5453
348.666141	-103695.269
348.668997	-288087.836
348.671853	-593362.115
348.674709	-873387.63
348.677565	-35333.1147
348.680421	797920.824
348.683277	501362.498
348.686133	159817.767
348.688989	-99946.4234
348.691845	-393369.555
348.694701	-714568.532
348.697557	-456247.367
348.700413	359812.299
348.703269	604018.558
348.706125	248487.349
348.708981	-116206.21
348.711837	-522971.537
348.714693	-1150954.24
348.717549	-1718600.6
348.720405	-44711.1371
348.723261	1623844.16
348.726117	1038511.79
348.728973	374437.011
348.731829	-101881.123
348.734685	-615673.903
348.737541	-1404558.5
348.740397	-2116043.95
348.743253	-23251.0827
348.746108	2065303.57
348.748964	1338782.1
348.75182	515190.636
348.754676	-74289.5444
348.757532	-691990.757
348.760388	-1344887.13
348.763244	-825618.603
348.7661	821249.398
348.768956	1340487.11
348.771812	687527.829
348.774668	69728.9089
348.777524	-519888.204
348.78038	-1343662.51
348.783236	-2070422.57
348.786092	17823.3374
348.788948	2110215.85
348.791804	1398205.84
348.79466	608621.297
348.797516	93869.7993
348.800372	-383808.027
348.803228	-1049898.91
348.806084	-1638390.53
348.80894	24872.5413
348.811796	1689184.77
348.814652	1102747.88
348.817508	435840.197
348.820364	-42506.2231
348.82322	-402436.386
348.826076	-206574.347
348.828931	25559.9089
348.831787	262243.067
348.834643	473856.232
348.837499	148798.966
348.840355	-256354.061
348.843211	-779952.375
348.846067	-1230302.48
348.848923	14881.991
348.851779	1265170.33
348.854635	833638.257
348.857491	355387.709
348.860347	41116.4822
348.863203	-252881.235
348.866059	-668624.371
348.868915	-1109025.55
348.871771	-410636.174
348.874627	850606.573
348.877483	992219.374
348.880339	546836.842
348.883195	207418.706
348.886051	-36449.9092
348.888907	-298047.555
348.891763	-554040.648
348.894619	-235788.68
348.897475	359417.091
348.900331	378981.6
348.903187	68495.6539
348.906043	-269269.081
348.908898	-711870.858
348.911754	-1173139.57
348.91461	-499444.07
348.917466	724710.31
348.920322	804136.052
348.923178	246290.503
348.926034	-310787.13
348.92889	-987516.349
348.931746	-1946534
348.934602	-2304638.73
348.937458	143038.651
348.940314	2301443.11
348.94317	1625837.72
348.946026	625610.923
348.948882	-140616.416
348.951738	-961854.424
348.954594	-2074076.1
348.95745	-2520892.5
348.960306	403330.827
348.963162	2765012.14
348.966018	1736558.15
348.968874	652395.808
348.97173	-125403.791
348.974586	-880285.494
348.977442	-1516424.9
348.980298	-1516021
348.983154	440892.006
348.98601	1796291.07
348.988866	841490.908
348.991721	-288250.039
348.994577	-1532677.16
348.997433	-2739874.22
349.000289	-1134327.89
349.003145	1615434.07
349.006001	2108819.09
349.008857	1367843.9
349.011713	233315.531
349.014569	-935634.041
349.017425	-2529160.53
349.020281	-3995349.85
349.023137	-374663.016
349.025993	3817764.64
349.028849	2965535.23
349.031705	1416859.61
349.034561	354529.993
349.037417	-560631.377
349.040273	-1618766.09
349.043129	-1982762.06
349.045985	485050.555
349.048841	2400988.24
349.051697	1491264.06
349.054553	536302.235
349.057409	-192571.647
349.060265	-1012942.75
349.063121	-1738674.13
349.065977	-186435.65
349.068833	1653189.57
349.071688	1240367.38
349.074544	458621.548
349.0774	-170868.279
349.080256	-874844.938
349.083112	-1971171.97
349.085968	-2962223.56
349.088824	-28087.1008
349.09168	2901515.05
349.094536	1895014.13
349.097392	765489.255
349.100248	-6265.3117
349.103104	-776541.688
349.10596	-1834892.04
349.108816	-2503655.92
349.111672	200157.87
349.114528	2620653.37
349.117384	1653013.05
349.12024	587265.309
349.123096	-210441.996
349.125952	-1022250.42
349.128808	-1567413.4
349.131664	-657319.675
349.13452	1093946.85
349.137376	1412696.9
349.140232	542710.114
349.143088	-338990.838
349.145944	-1358881.15
349.1488	-2686874.39
349.151656	-2785553.72
349.154511	761542.073
349.157367	3177599.34
349.160223	1897405.23
349.163079	593751.541
349.165935	-400718.038
349.168791	-1560425.01
349.171647	-3272247.34
349.174503	-4278900.83
349.177359	312557.222
349.180215	4318870.19
349.183071	2650137.96
349.185927	781055.729
349.188783	-721628.001
349.191639	-2247379.34
349.194495	-2722547.06
349.197351	-858188.662
349.200207	2128988.84
349.203063	2809480.81
349.205919	1212289.66
349.208775	-393983.358
349.211631	-2175569.26
349.214487	-4082467.63
349.217343	-2479844.27
349.220199	2507949.62
349.223055	4127731.67
349.225911	2268029.07
349.228767	597803.878
349.231623	-801546.245
349.234479	-2572425.06
349.237334	-4392425.3
349.24019	-1639292.59
349.243046	3365630.35
349.245902	3876150.94
349.248758	1996750.61
349.251614	445681.135
349.25447	-912513.5
349.257326	-2418677.09
349.260182	-2692656.05
349.263038	444507.417
349.265894	3021988.75
349.26875	2175508.02
349.271606	714301.406
349.274462	-577857.08
349.277318	-2133118.07
349.280174	-3601365.01
349.28303	-794077.26
349.285886	3148240.5
349.288742	2879110.91
349.291598	1352458.93
349.294454	162544.558
349.29731	-960160.938
349.300166	-2532665.49
349.303022	-3993496.96
349.305878	-373683.984
349.308734	3815648.44
349.31159	2959964.39
349.314446	1409230.37
349.317301	349449.759
349.320157	-557341.016
349.323013	-1666711.01
349.325869	-2394618.81
349.328725	-13272.9711
349.331581	2362503.31
349.334437	1613272.91
349.337293	449512.359
349.340149	-573938.49
349.343005	-1694851.2
349.345861	-2249536.06
349.348717	-514281.378
349.351573	1769431.08
349.354429	1748856.72
349.357285	499485.302
349.360141	-768199.907
349.362997	-2352354.37
349.365853	-4259492.77
349.368709	-3314785.15
349.371565	1562576.27
349.374421	4176658.41
349.377277	2751506.47
349.380133	867543.543
349.382989	-740650.93
349.385845	-2675864.68
349.388701	-4830592.42
349.391557	-2922085.87
349.394413	2924418.09
349.397269	4840713.03
349.400124	2705147.02
349.40298	810563.571
349.405836	-705613.559
349.408692	-2327290.35
349.411548	-3174201.66
349.414404	-1130331.22
349.41726	2300974.73
349.420116	2840813.7
349.422972	993594.921
349.425828	-954771.711
349.428684	-3303040.08
349.43154	-5554319.96
349.434396	-1605119.4
349.437252	4043044.32
349.440108	4048009.09
349.442964	2121967.4
349.44582	28570.9926
349.448676	-2183115.51
349.451532	-5309984.89
349.454388	-7915335.06
349.457244	-374566.284
349.4601	7737943.35
349.462956	5746553.21
349.465812	2664534.89
349.468668	559468.62
349.471524	-1314560.46
349.47438	-3557761.28
349.477236	-4410177.07
349.480091	956037.751
349.482947	5215630.13
349.485803	3261823.53
349.488659	1203020.78
349.491515	-344478.615
349.494371	-2057268.41
349.497227	-3598560.33
349.500083	-571929.892
349.502939	3311160.08
349.505795	2687563.03
349.508651	1039017.5
349.511507	-328856.878
349.514363	-1843265.19
349.517219	-4046719.98
349.520075	-5483181.42
349.522931	373200.459
349.525787	5658072.22
349.528643	3608983.33
349.531499	1365354.51
349.534355	-248572.641
349.537211	-1902924.08
349.540067	-3711400.25
349.542923	-3925519.49
349.545779	1206040.43
349.548635	4925495.38
349.551491	3001604.18
349.554347	1010726.13
349.557203	-530859.461
349.560059	-2028062.37
349.562914	-2391700.61
349.56577	-418550.47
349.568626	2121144.2
349.571482	2353905.58
349.574338	865138.13
349.577194	-629328.81
349.58005	-2391811.89
349.582906	-4499155.77
349.585762	-3653613.68
349.588618	1957733.64
349.591474	4741005.28
349.59433	2628092.99
349.597186	559561.496
349.600042	-1209821.83
349.602898	-3500276.57
349.605754	-6221696.38
349.60861	-4306658.67
349.611466	3202620.19
349.614322	6186278.85
349.617178	3359233.3
349.620034	660156.425
349.62289	-1719495.92
349.625746	-4295343.04
349.628602	-4610680.43
349.631458	-58715.6731
349.634314	4482193.24
349.63717	4127639.45
349.640026	1462105.33
349.642882	-1099631.56
349.645737	-4008140.21
349.648593	-6415127.67
349.651449	-2473537.08
349.654305	4856655.65
349.657161	5989088.04
349.660017	3034017.13
349.662873	481803.172
349.665729	-1847566.01
349.668585	-4746678.14
349.671441	-6616761.52
349.674297	-1635939.1
349.677153	5596712.72
349.680009	6057264.85
349.682865	3049810.44
349.685721	568937.807
349.688577	-1671059.54
349.691433	-4272591.68
349.694289	-5034477.89
349.697145	443069.296
349.700001	5353797.97
349.702857	3992139.8
349.705713	1366812.76
349.708569	-945160.579
349.711425	-3409769.91
349.714281	-4666666.77
349.717137	-738808.449
349.719993	4334223.7
349.722849	4312189.91
349.725704	1956950.08
349.72856	-92067.2057
349.731416	-2207205.24
349.734272	-4640913.14
349.737128	-4039273.81
349.739984	2211176.85
349.74284	5675207.37
349.745696	3461242.34
349.748552	1377120.4
349.751408	-103419.061
349.754264	-1659010.43
349.75712	-3372873.53
349.759976	-2420343.01
349.762832	1918524.45
349.765688	3730777.31
349.768544	2081002.08
349.7714	520348.676
349.774256	-800499.411
349.777112	-2195175.58
349.779968	-2513637.78
349.782824	-527464.717
349.78568	1999891.34
349.788536	2188602.66
349.791392	599430.96
349.794248	-1111421.71
349.797104	-3288903.87
349.79996	-5568181.96
349.802816	-2485494.24
349.805672	3409877.24
349.808527	4508863.36
349.811383	2600192.11
349.814239	466103.461
349.817095	-1566565.52
349.819951	-4296776.84
349.822807	-7120135.19
349.825663	-2539556.04
349.828519	5411364.18
349.831375	6059958.51
349.834231	3119594.79
349.837087	759923.563
349.839943	-1234802.32
349.842799	-3507404.65
349.845655	-4666408.81
349.848511	-973315.068
349.851367	3815253.24
349.854223	3714264.63
349.857079	1142504.28
349.859935	-1457135.59
349.862791	-4664928.94
349.865647	-7670551.12
349.868503	-1662731.37
349.871359	6037398.8
349.874215	5266540.36
349.877071	2439497.67
349.879927	-380012.215
349.882783	-3490375.06
349.885639	-8024772.86
349.888494	-11602377.4
349.89135	-29.1948183
349.894206	11602319.3
349.897062	8024715.3
349.899918	3490318.55
349.902774	379957.235
349.90563	-2439550.62
349.908486	-5266590.71
349.911342	-6037445.91
349.914198	1662688.26
349.917054	7670512.9
349.91991	4664896.65
349.922766	1457110.5
349.925622	-1142520.6
349.928478	-3714270.25
349.931334	-3815245.75
349.93419	973338.723
349.937046	4666452.55
349.939902	3507473.55
349.942758	1234903.06
349.945614	-759782.09
349.94847	-3119400.52
349.951326	-6059694.84
349.954182	-5411007.8
349.957038	2540038.53
349.959894	7120792.8
349.96275	4297683.38
349.965606	1567835.5
349.968462	-464286.171
349.971317	-2597520.6
349.974173	-4504801.73
349.977029	-3403440.04
349.979885	2496228.91
349.982741	5587209.4
349.985597	3325028.73
349.988453	1184183.85
349.991309	-458271.389
349.994165	-2056795.59
349.997021	-2426375.78
349.999877	102151.761
350.002733	2649425.2
350.005589	2344846.72
350.008445	890539.017
350.011301	-448526.946
350.014157	-1992077.15
350.017013	-3654928.2
350.019869	-2126377.84
350.022725	2210185.01
350.025581	3440878.66
350.028437	1731112.65
350.031293	140979.36
350.034149	-1358073.54
350.037005	-3450836.65
350.039861	-5668960.76
350.042717	-2207019.04
350.045573	4042381.82
350.048429	4643561.25
350.051285	2209796.73
350.05414	94960.084
350.056996	-1953334.02
350.059852	-4307229.57
350.062708	-4326860.25
350.065564	750571.706
350.06842	4686914.31
350.071276	3447426.36
350.074132	1019941.97
350.076988	-1222870.29
350.079844	-3856329.79
350.0827	-5774264.14
350.085556	-858885.042
350.088412	5186101.56
350.091268	4450396.22
350.094124	1814682.93
350.09698	-388856.447
350.099836	-2750446.04
350.102692	-5785649.5
350.105548	-6447280.76
350.108404	783044.956
350.11126	6880467.2
350.114116	5029106.15
350.116972	1993217.48
350.119828	-409406.342
350.122684	-2995792.9
350.12554	-5967424
350.128396	-4843556.99
350.131252	2481919.69
350.134107	6420772.47
350.136963	4012128.71
350.139819	1102590.5
350.142675	-1459790.82
350.145531	-4125716.6
350.148387	-4480481.57
350.151243	60360.4235
350.154099	4612391.54
350.156955	4297264.77
350.159811	1721808.75
350.162667	-657199.721
350.165523	-3355247.6
350.168379	-6180637.41
350.171235	-3194241.49
350.174091	4319752.87
350.176947	6243355.39
350.179803	3538495.21
350.182659	1282212.53
350.185515	-413916.707
350.188371	-2345672.2
350.191227	-4477307.37
350.194083	-2810636.1
350.196939	2803036.79
350.199795	4770761.72
350.202651	2691166.37
350.205507	809399.72
350.208363	-721525.715
350.211219	-2176112.54
350.214075	-1969532.54
350.21693	2722.20985
350.219786	1971221.42
350.222642	2163858.88
350.225498	674787.933
350.228354	-935959.205
350.23121	-2963962.68
350.234066	-4905263.24
350.236922	-1194293.01
350.239778	3932866.66
350.242634	3716343.89
350.24549	1906523.05
350.248346	251448.033
350.251202	-1362780.87
350.254058	-3606353.42
350.256914	-5654982.74
350.25977	-369061.476
350.262626	5489408.93
350.265482	4057106.33
350.268338	1862292.51
350.271194	366397.464
350.27405	-966935.123
350.276906	-2619577.82
350.279762	-3521338.02
350.282618	364056.594
350.285474	3674389.63
350.28833	2146173.7
350.291186	416280.964
350.294042	-1113000.21
350.296897	-3112170.97
350.299753	-5079860.71
350.302609	-1381368
350.305465	3983676.21
350.308321	3689552.96
350.311177	1455705.89
350.314033	-486719.14
350.316889	-2628420.95
350.319745	-5727534.62
350.322601	-7727215.11
350.325457	380999.907
350.328313	7919396.46
350.331169	5312660.11
350.334025	2184941.16
350.336881	-27287.142
350.339737	-2121040.47
350.342593	-4047323.32
350.345449	-4042524.35
350.348305	1605524.47
350.351161	5554645.93
350.354017	3303313.31
350.356873	955012.736
350.359729	-993368.921
350.362585	-2840587.02
350.365441	-2300731.48
350.368297	1130608.81
350.371153	3174535.4
350.374009	2327709.18
350.376865	706158.38
350.37972	-809831.771
350.382576	-2704132.73
350.385432	-4839259.27
350.388288	-2922253.47
350.391144	2925457.36
350.394	4836134.56
350.396856	2685576.92
350.399712	758935.083
350.402568	-830922.782
350.405424	-2680683.98
350.40828	-4110544.04
350.411136	-1775715.83
350.413992	3101957.88
350.416848	4326578.6
350.419704	2424918.97
350.42256	807547.976
350.425416	-477116.09
350.428272	-1733063.07
350.431128	-1754691.22
350.433984	532016.479
350.43684	2275195.65
350.439696	1737107.86
350.442552	650959.377
350.445408	-298040.366
350.448264	-1323006.03
350.45112	-2087660.14
350.453976	-823008.594
350.456832	1570101.07
350.459688	1981515.13
350.462543	933022.104
350.465399	-24700.4985
350.468255	-974426.147
350.471111	-2217425.18
350.473967	-3136737.39
350.476823	-1748050.53
350.479679	1871753.29
350.482535	3211548.66
350.485391	1702652.27
350.488247	272189.561
350.491103	-1027805.49
350.493959	-2503556.49
350.496815	-2833601.31
350.499671	-30654.4226
350.502527	2764804.79
350.505383	2407594.52
350.508239	867633.66
350.511095	-563498.815
350.513951	-2099425.33
350.516807	-2981089.57
350.519663	-420888.49
350.522519	2707180.25
350.525375	2428082.98
350.528231	918864.325
350.531087	-441247.929
350.533943	-1993573.71
350.536799	-3873827.69
350.539655	-3363905.64
350.54251	1640586.1
350.545366	4393400.72
350.548222	2573160.88
350.551078	802098.211
350.553934	-597395.36
350.55679	-2267734.17
350.559646	-4127528.02
350.562502	-2507820.19
350.565358	2479912.61
350.568214	4082485.12
350.57107	2175543.97
350.573926	393921.702
350.576782	-1212382.52
350.579638	-2809600.71
350.582494	-2129132.39
350.58535	858024.245
350.588206	2722364.06
350.591062	2247179.66
350.593918	721413.193
350.596774	-781284.35
350.59963	-2650379.31
350.602486	-4319123.35
350.605342	-312821.423
350.608198	4278626.22
350.611054	3271962.84
350.61391	1560131.07
350.616766	400415.019
350.619622	-594063.341
350.622478	-1897725.57
350.625333	-3177928.03
350.628189	-761878.963
350.631045	2785208.74
350.633901	2686521.4
350.636757	1358520.2
350.639613	338621.961
350.642469	-543086.918
350.645325	-1413081.64
350.648181	-1094339.56
350.651037	656918.953
350.653893	1567004.62
350.656749	1021833.51
350.659605	210016.909
350.662461	-587698.64
350.665317	-1653454.69
350.668173	-2621103.36
350.671029	-200616.252
350.673885	2503189.13
350.676741	1834416.85
350.679597	776058.159
350.682453	5773.53837
350.685309	-765989.105
350.688165	-1895521.8
350.691021	-2902030.18
350.693877	27565.0096
350.696733	2961695.19
350.699589	1970638.25
350.702445	874307.069
350.7053	170327.864
350.708156	-459162.408
350.711012	-1240905.93
350.713868	-1653722.19
350.716724	185913.729
350.71958	1738169.22
350.722436	1012463.23
350.725292	192128.808
350.728148	-536693.118
350.731004	-1491582.01
350.73386	-2401204.07
350.736716	-485122.905
350.739572	1982892.93
350.742428	1619188.6
350.745284	561479.994
350.74814	-353043.903
350.750996	-1414390.82
350.753852	-2961493.78
350.756708	-3811087.76
350.759564	386009.844
350.76242	4015529.25
350.765276	2567231.64
350.768132	1011534.57
350.770988	-87183.3586
350.773844	-1228154.49
350.7767	-2522629.7
350.779556	-2019818.62
350.782412	1306052.31
350.785268	2954524.61
350.788123	1747643.58
350.790979	613493.096
350.793835	-259209.133
350.796691	-1258764.91
350.799547	-2139081.63
350.802403	-176513.045
350.805259	2073545.36
350.808115	1505876.44
350.810971	541938.681
350.813827	-242408.59
350.816683	-1132708.6
350.819539	-2252511.68
350.822395	-2181608.12
350.825251	660989.688
350.828107	2377025.98
350.830963	1512770.7
350.833819	631196.329
350.836675	-341033.587
350.839531	-1469019.91
350.842387	-2332617.3
350.845243	-909770.282
350.848099	1587185.39
350.850955	1852299.12
350.853811	1245963.03
350.856667	831903.7
350.859523	26225.0628
350.862379	-792472.761
350.865235	-965306.022
350.868091	41931.8719
350.870946	1043151.01
350.873802	922005.085
350.876658	540767.304
350.879514	248852.771
350.88237	-242732.312
350.885226	-407843.222
350.888082	-17704.9236
350.890938	56586.6582
350.893794	-145262.45
350.89665	205666.756
350.899506	285174.937
350.902362	-318679.64
350.905218	-1056685.34
350.908074	-1223934.34
350.91093	-291280.936
350.913786	519353.401
350.916642	215707.897
350.919498	491275.524
350.922354	862963.725
350.92521	127878.826
350.928066	-834759.395
350.930922	-1750723.16
350.933778	-921400.896
350.936634	989135.783
350.93949	1229410.32
350.942346	841141.578
350.945202	545162.891
350.948058	-115373.245
350.950913	-228273.929
350.953769	-313911.544
350.956625	-333485.385
350.959481	480296.078
350.962337	763834.986
350.965193	126192.063
350.968049	-669078.672
350.970905	-1476271.7
350.973761	-1085166.73
350.976617	695784.889
350.979473	1294823
350.982329	470265.015
350.985185	271300.694
350.988041	214360.644
350.990897	-497787.086
350.993753	-1576565.7
350.996609	-2514227.06
350.999465	-76321.6748
351.002321	2330425.53
351.005177	1356027.48
351.008033	514827.254
351.010889	-94549.1991
351.013745	-837778.778
351.016601	-541637.08
351.019457	-148566.814
351.022313	546759.79
351.025169	1203801.65
351.028025	526345.641
351.030881	-279141.342
351.033736	-1218877.62
351.036592	-2003030.39
351.039448	54486.4464
351.042304	2128266.18
351.04516	1403079.92
351.048016	602221.675
351.050872	75594.6089
351.053728	-417309.808
351.056584	-1106442.13
351.05944	-1734819.27
351.062296	-147748.244
351.065152	1373033.62
351.068008	655873.875
351.070864	425949.988
351.07372	394871.074
351.076576	-199129.74
351.079432	-879892.131
351.082288	-919393.049
351.085144	131700.475
351.088	499646.295
351.090856	-253628.41
351.093712	114225.859
351.096568	549049.948
351.099424	-254723.061
351.10228	-1167489.1
351.105136	-953445.606
351.107992	-122220.264
351.110848	665305.298
351.113703	875179.549
351.116559	606686.286
351.119415	349576.946
351.122271	-480773.128
351.125127	-1380394.95
351.127983	-1390980.39
351.130839	-1304064.84
351.133695	466285.03
351.136551	2187637.99
351.139407	1168560.92
351.142263	-10634.2172
351.145119	-1173316.63
351.147975	-2284554.75
351.150831	-1415678
351.153687	-467844.712
351.156543	1034306.45
351.159399	2456254.81
351.162255	1253695.85
351.165111	-79134.9552
351.167967	-1444416.01
351.170823	-2741942.87
351.173679	-1240712.33
351.176535	1346446.22
351.179391	1688322.96
351.182247	1345984.6
351.185103	590004.33
351.187959	-704143.841
351.190815	-1805055.17
351.193671	-1938617.54
351.196526	-1111823.45
351.199382	1397981.83
351.202238	2760728.34
351.205094	1337800.25
351.20795	-193354.775
351.210806	-1669689.73
351.213662	-2450955.41
351.216518	-604970.916
351.219374	763361.215
351.22223	1567467.93
351.225086	2358845.05
351.227942	1201332.87
351.230798	2707.82551
351.233654	-1151273.39
351.23651	-1903899.58
351.239366	-396681.17
351.242222	1427246.85
351.245078	1557184.09
351.247934	1061585.51
351.25079	147927.154
351.253646	-697398.318
351.256502	-977913.122
351.259358	-814307.931
351.262214	-595736.183
351.26507	718821.002
351.267926	1475104.84
351.270782	509433.606
351.273638	-647315.066
351.276494	-1734967.43
351.279349	-1374442.26
351.282205	237611.157
351.285061	499947.746
351.287917	1007148.11
351.290773	1614607.93
351.293629	696049.687
351.296485	-342447.093
351.299341	-1266326.28
351.302197	-986268.987
351.305053	408454.351
351.307909	994315.244
351.310765	992969.522
351.313621	785617.018
351.316477	123961.46
351.319333	-543654.951
351.322189	-1004683.48
351.325045	-1244224.93
351.327901	-612201.63
351.330757	832607.65
351.333613	1123417.1
351.336469	181340.98
351.339325	-916291.418
351.342181	-2102571.88
351.345037	-2412684.15
351.347893	-1701651.55
351.350749	144094.731
351.353605	2199866.07
351.356461	2017656.56
351.359316	349485.072
351.362172	-1473799.28
351.365028	-3298896.36
351.367884	-2857274.57
351.37074	-960224.522
351.373596	1792288.82
351.376452	3615745.24
351.379308	2239363.62
351.382164	289942.663
351.38502	-1661896.72
351.387876	-3511568.35
351.390732	-2091380.8
351.393588	827091.404
351.396444	2625987.96
351.3993	2903239.68
351.402156	1159279.03
351.405012	-598532.754
351.407868	-2406125
351.410724	-3593585.63
351.41358	-2535045.95
351.416436	1066852.95
351.419292	3472805.88
351.422148	2415392.27
351.425004	131115.661
351.42786	-2193589.45
351.430716	-3895053.87
351.433572	-2699452.23
351.436428	-1370000.07
351.439284	1910948.18
351.442139	4848208.38
351.444995	2717549.06
351.447851	82911.9591
351.450707	-2596788.95
351.453563	-4906261.05
351.456419	-1206415.59
351.459275	2620112.2
351.462131	3093330.07
351.464987	3379150.29
351.467843	1416204.36
351.470699	-501126.39
351.473555	-1939277.9
351.476411	-3083806.06
351.479267	44135.3568
351.482123	3468685.08
351.484979	2434835.64
351.487835	905835.823
351.490691	-659261.248
351.493547	-2013520.79
351.496403	-1290936
351.499259	-803491.558
351.502115	-1091044.05
351.504971	1334607.2
351.507827	2508886.41
351.510683	719314.134
351.513539	-1441565.3
351.516395	-3248120.51
351.519251	-1187433.14
351.522107	994798.601
351.524962	441312.283
351.527818	1734745
351.530674	2254379.04
351.53353	517182.09
351.536386	-1492853.62
351.539242	-3095621.05
351.542098	-1770096.31
351.544954	1528462.74
351.54781	2595783.58
351.550666	1897423
351.553522	767133.993
351.556378	-868192.293
351.559234	-2600748.47
351.56209	-3092428.48
351.564946	-2851350.49
351.567802	1026349.93
351.570658	4247594.86
351.573514	2175259.07
351.57637	-208477.709
351.579226	-2626290.19
351.582082	-4984342.79
351.584938	-3178605.14
351.587794	-1212878.74
351.59065	2130016.83
351.593506	5288272.01
351.596362	2634442.6
351.599218	-345378.857
351.602074	-3386999.75
351.604929	-6062913.78
351.607785	-3014269.53
351.610641	2027629.64
351.613497	3956280.33
351.616353	3969993.02
351.619209	1494283.17
351.622065	-1582776.27
351.624921	-4200937.22
351.627777	-4855823.32
351.630633	-2525467.02
351.633489	3185861.19
351.636345	6044144.68
351.639201	3308381.89
351.642057	-84144.7069
351.644913	-3499162.3
351.647769	-6327960.67
351.650625	-3811983.54
351.653481	1107361.89
351.656337	4882182.68
351.659193	5698434.78
351.662049	2374831.83
351.664905	-1016086.39
351.667761	-4330513.1
351.670617	-5352363.42
351.673473	-1226839.69
351.676329	4094670.55
351.679185	5420881.15
351.682041	3402287.88
351.684897	555846.982
351.687752	-2194020.06
351.690608	-4366079.38
351.693464	-3261295.32
351.69632	430883.545
351.699176	3555729.89
351.702032	4059671.6
351.704888	1864668.26
351.707744	-942819.905
351.7106	-3692408.3
351.713456	-4044386.23
351.716312	-1642933.15
351.719168	1689862.39
351.722024	4387394.43
351.72488	3848448.94
351.727736	1180620.52
351.730592	-1536475.14
351.733448	-3985391.5
351.736304	-2588361.48
351.73916	561955.146
351.742016	2648155.74
351.744872	3798073.18
351.747728	2482347.76
351.750584	455499.361
351.75344	-1585749.55
351.756296	-3575196.17
351.759152	-2626834.58
351.762008	106363.021
351.764864	2541698.2
351.767719	3141481.78
351.770575	1037992.22
351.773431	-1236243.71
351.776287	-3596088.38
351.779143	-4710113.5
351.781999	-3757881.32
351.784855	30901.3904
351.787711	4244066.63
351.790567	3887479.29
351.793423	474596.291
351.796279	-3143283.26
351.799135	-5804211.5
351.801991	-4238394.19
351.804847	-1728296.44
351.807703	2738987.19
351.810559	6533628.96
351.813415	3881245.78
351.816271	-194253.237
351.819127	-4062211.28
351.821983	-5411238.82
351.824839	-1655204.92
351.827695	1730736.26
351.830551	4220840.55
351.833407	5056291.16
351.836263	1794831.54
351.839119	-1688672.93
351.841975	-5190811.41
351.844831	-7354807.21
351.847687	-2800481.98
351.850542	4279638.55
351.853398	5881158.71
351.856254	3187129.08
351.85911	-1235430.86
351.861966	-5724592.39
351.864822	-7273951.92
351.867678	-5197153.79
351.870534	106186.039
351.87339	6968837.91
351.876246	7769792.59
351.879102	2962217.69
351.881958	-2310866.54
351.884814	-7367033.85
351.88767	-6890911.81
351.890526	501214.469
351.893382	5528216.22
351.896238	6775738.59
351.899094	5515823.75
351.90195	1494657.03
351.904806	-2490324.16
351.907662	-5329208.85
351.910518	-4373693.6
351.913374	2561053.58
351.91623	6705586.69
351.919086	4363614.6
351.921942	1445524.95
351.924798	-1707789.26
351.927654	-4651136.09
351.93051	-3584085.58
351.933365	-2056786.54
351.936221	380025.991
351.939077	4883961.13
351.941933	4353131.53
351.944789	701273.871
351.947645	-3327640.03
351.950501	-6865712.75
351.953357	-2861520.94
351.956213	1576474.2
351.959069	2171931.47
351.961925	4775948.46
351.964781	4151173.85
351.967637	656757.187
351.970493	-3144158.31
351.973349	-6077172.58
351.976205	-2668133.4
351.979061	3550660.2
351.981917	4750383.2
351.984773	3548283.48
351.987629	1620947.25
351.990485	-1316796.02
351.993341	-4431378.83
351.996197	-5287705.47
351.999053	-3890917.13
352.001909	2554838.13
352.004765	6888222.24
352.007621	3408447.18
352.010477	-443177.318
352.013332	-4338391.62
352.016188	-7921551
352.019044	-5134568.2
352.0219	-1826346
352.024756	3665453.46
352.027612	8311433.82
352.030468	3892871.61
352.033324	-1111350.03
352.03618	-6158308.09
352.039036	-9420090.09
352.041892	-3914547.41
352.044748	3914124.17
352.047604	6888399.5
352.05046	6257735.29
352.053316	1887321.18
352.056172	-3102295.28
352.059028	-7077721.14
352.061884	-7333627.93
352.06474	-3367187.6
352.067596	5348675.31
352.070452	9457555.58
352.073308	4591073.38
352.076164	-1183719.12
352.07902	-6621324.5
352.081876	-8235457.43
352.084732	-4057719.25
352.087588	1473926.99
352.090444	7435989.23
352.0933	8458970.27
352.096155	3018620.58
352.099011	-2769532.14
352.101867	-8157386.45
352.104723	-6989108.08
352.107579	-585200.069
352.110435	5926273.41
352.113291	8876976.1
352.116147	5531735.92
352.119003	708127.494
352.121859	-4056263.91
352.124715	-7886046.07
352.127571	-5060978.55
352.130427	2113465.22
352.133283	6756467.14
352.136139	6727452.43
352.138995	2811139.68
352.141851	-1659539.9
352.144707	-6010634.04
352.147563	-6438144.44
352.150419	-2502873.35
352.153275	4055480.08
352.156131	7969862.02
352.158987	5386626.07
352.161843	1245827.98
352.164699	-2792945.21
352.167555	-6452971.77
352.170411	-3666762.07
352.173267	989293.393
352.176122	4301267.73
352.178978	6318910.81
352.181834	3611338.59
352.18469	414355.348
352.187546	-2773564.16
352.190402	-5690433.21
352.193258	-2597083.27
352.196114	2034389.6
352.19897	3839876.28
352.201826	3976893.34
352.204682	1098676.04
352.207538	-1933444.79
352.210394	-4635809.31
352.21325	-6002442.42
352.216106	-3495499.34
352.218962	2366944.84
352.221818	5588729.78
352.224674	3540505.13
352.22753	-724406.487
352.230386	-5154221.89
352.233242	-7440604.82
352.236098	-4750877.1
352.238954	-1048692.72
352.24181	4819475.01
352.244666	8139982.3
352.247522	3907681.57
352.250378	-1255488.16
352.253234	-6242927.77
352.25609	-7547578.19
352.258945	-1464909.09
352.261801	2594901.98
352.264657	5139801.26
352.267513	6586275.75
352.270369	2166555.3
352.273225	-2705795.67
352.276081	-7250213.58
352.278937	-8897867.01
352.281793	-3183929.11
352.284649	5592016.94
352.287505	7965918.1
352.290361	3800293.88
352.293217	-2333397.04
352.296073	-8275491.91
352.298929	-8652527.71
352.301785	-5925861.91
352.304641	-2368565.73
352.307497	7654502.78
352.310353	11216690.1
352.313209	3917829.01
352.316065	-4229796.12
352.318921	-11296442.1
352.321777	-7766420.58
352.324633	2552340.5
352.327489	6655189.98
352.330345	8829166.61
352.333201	7838308.88
352.336057	1835957.33
352.338913	-4307669.7
352.341768	-8099408.71
352.344624	-5669145.89
352.34748	4509830.48
352.350336	10207208.8
352.353192	6648776.09
352.356048	2055355.86
352.358904	-2667662.12
352.36176	-7091627.96
352.364616	-5435710.39
352.367472	-2294027.7
352.370328	2597232.54
352.373184	8080819.94
352.37604	5598223.06
352.378896	491213.272
352.381752	-4853695.97
352.384608	-9128500.12
352.387464	-3582622.93
352.39032	3423045.66
352.393176	5436352.12
352.396032	6928157.73
352.398888	4245763.14
352.401744	-31996.2181
352.4046	-4049809.05
352.407456	-6036078.73
352.410312	-1362274.99
352.413168	5069060.72
352.416024	5924468.16
352.41888	3947564.86
352.421735	1359933.14
352.424591	-1532214.2
352.427447	-3862064.25
352.430303	-3666335.44
352.433159	-1559042.85
352.436015	3074568.94
352.438871	5404090.9
352.441727	2512407.76
352.444583	-555062.244
352.447439	-3689657.6
352.450295	-6370062.19
352.453151	-4343269.23
352.456007	-1034256.73
352.458863	3605226.82
352.461719	6351174.82
352.464575	2601638.18
352.467431	-1610815.68
352.470287	-5802746.52
352.473143	-7263147.95
352.475999	-2798720.63
352.478855	2624968.77
352.481711	5948727.7
352.484567	5579237.93
352.487423	1234157.45
352.490279	-3282557.7
352.493135	-6635201.95
352.495991	-5819729.19
352.498847	-1474733.43
352.501703	4805020.59
352.504558	7303643.56
352.507414	3392046.1
352.51027	-1677405.09
352.513126	-6550555.89
352.515982	-7356209.31
352.518838	-4367114.52
352.521694	1568346.16
352.52455	7882363.97
352.527406	7067792.87
352.530262	1636323.49
352.533118	-4153146.33
352.535974	-9552840.42
352.53883	-6551100.9
352.541686	-505761.728
352.544542	5589888.41
352.547398	9705333.06
352.550254	5501212.05
352.55311	15548.2682
352.555966	-5496583.73
352.558822	-9682127.31
352.561678	-4699129.82
352.564534	4060962.96
352.56739	7732541.97
352.570246	6918962.56
352.573102	2390219.16
352.575958	-2579642.46
352.578814	-6350853.05
352.58167	-6420342.31
352.584525	-3422308.96
352.587381	4373427.44
352.590237	9302827.43
352.593093	5399260.92
352.595949	125068.064
352.598805	-4701479.97
352.601661	-6263216.35
352.604517	-1593893.47
352.607373	1102698.19
352.610229	4338101.62
352.613085	7402630.88
352.615941	3858340.59
352.618797	-223764.543
352.621653	-3995979.32
352.624509	-5221073.49
352.627365	-880891.658
352.630221	3326693.61
352.633077	4671472.66
352.635933	4056585.67
352.638789	1019366.84
352.641645	-1994429.46
352.644501	-4090286.2
352.647357	-4970312.49
352.650213	-2090912.58
352.653069	3842143.04
352.655925	5551234.95
352.658781	2583476.65
352.661637	-1079278.4
352.664493	-4638751.31
352.667348	-5551021.94
352.670204	-2875150.53
352.67306	522086.874
352.675916	4954552.63
352.678772	6142080.77
352.681628	2503218.66
352.684484	-1289006.11
352.68734	-4821899.15
352.690196	-4777377.15
352.693052	47209.0189
352.695908	2487464.4
352.698764	3703087.03
352.70162	4211752.69
352.704476	1185867.76
352.707332	-2140876.91
352.710188	-5045256.65
352.713044	-5406751.68
352.7159	-711409.407
352.718756	4233370.11
352.721612	4517287.39
352.724468	1734764.26
352.727324	-2385487.01
352.73018	-6381307.48
352.733036	-5358043.26
352.735892	-3272035.39
352.738748	-510508.095
352.741604	5930233.56
352.74446	6502362.76
352.747316	1342140.25
352.750171	-4475495.19
352.753027	-9243900.97
352.755883	-3446456.13
352.758739	3990939.76
352.761595	4813323.8
352.764451	6213349.15
352.767307	4639163.09
352.770163	383316.199
352.773019	-4072840.27
352.775875	-6636251.36
352.778731	-2734375.49
352.781587	4651601.82
352.784443	6975679.66
352.787299	4478964.05
352.790155	1200315.61
352.793011	-2200957.4
352.795867	-5514647.33
352.798723	-4629576.46
352.801579	-2079117.72
352.804435	3273636.63
352.807291	7028516.23
352.810147	3475618.63
352.813003	-422971.174
352.815859	-4241656.3
352.818715	-6798648.75
352.821571	-3037440.03
352.824427	1474916.26
352.827283	4832855.5
352.830138	6390149.79
352.832994	2862035.25
352.83585	-762912.745
352.838706	-3793353.55
352.841562	-4096425.93
352.844418	-141149.82
352.847274	3646379.15
352.85013	4620369.79
352.852986	3487730.48
352.855842	1061821.08
352.858698	-1215705.06
352.861554	-2791817.08
352.86441	-2186283.85
352.867266	-30839.4481
352.870122	2690737.25
352.872978	3423632.83
352.875834	1457357.32
352.87869	-550390.285
352.881546	-2588327.67
352.884402	-3961310.79
352.887258	-2798391.4
352.890114	-155463.156
352.89297	2986074.75
352.895826	3803745.71
352.898682	1300566.48
352.901538	-1433914.27
352.904394	-4093068.1
352.90725	-4126295.82
352.910106	-1414596
352.912961	1915419.11
352.915817	4295886.74
352.918673	3426670.98
352.921529	645506.96
352.924385	-2187526.2
352.927241	-4341898.29
352.930097	-3013462.15
352.932953	124634.446
352.935809	3259291.74
352.938665	4344421.41
352.941521	1979989.87
352.944377	-755378.528
352.947233	-3609713.68
352.950089	-5587578.57
352.952945	-3687341.62
352.955801	1641811.39
352.958657	5212401.36
352.961513	4182906.97
352.964369	937584.5
352.967225	-2416735.53
352.970081	-5724008.05
352.972937	-4901160.77
352.975793	-1125196.42
352.978649	3790763.42
352.981505	6297225.68
352.984361	3447439.67
352.987217	-12717.8193
352.990073	-3491639.86
352.992928	-6256604.29
352.995784	-2912151.02
352.99864	2799992.77
353.001496	5112207.34
353.004352	4409312.24
353.007208	1229443.79
353.010064	-1815458.1
353.01292	-3654107.89
353.015776	-3607722.95
353.018632	-2238501
353.021488	2762437.59
353.024344	5798930.77
353.0272	2978877.08
353.030056	-386736.498
353.032912	-3311760.03
353.035768	-3171315.08
353.038624	-19778.367
353.04148	512676.326
353.044336	2397327.95
353.047192	4475846.96
353.050048	2153743.94
353.052904	-452882.298
353.05576	-2758649.15
353.058616	-2577695.24
353.061472	648397.553
353.064328	2284175.12
353.067184	2464718.86
353.07004	2194588.31
353.072896	505560.104
353.075751	-1122569.83
353.078607	-1725324.46
353.081463	-2120025.47
353.084319	-1048524.68
353.087175	1955998.44
353.090031	2768147.63
353.092887	1183769.91
353.095743	-806494.501
353.098599	-2516161.77
353.101455	-1479614.95
353.104311	-163212.159
353.107167	-709542.44
353.110023	1467050.9
353.112879	3039411.9
353.115735	1261149.62
353.118591	-813566.037
353.121447	-2557756.08
353.124303	-1361776.1
353.127159	1074744.06
353.130015	792997.14
353.132871	1283716.84
353.135727	2008211.2
353.138583	655055.127
353.141439	-909476.509
353.144295	-2438344.69
353.147151	-3472516.85
353.150007	-48915.2545
353.152863	3077013.62
353.155719	1928383.95
353.158574	481634.61
353.16143	-1454177.36
353.164286	-3451642.05
353.167142	-3161709.31
353.169998	-2410319.77
353.172854	1413905.41
353.17571	4830043.76
353.178566	2507484.13
353.181422	-155133.392
353.184278	-2808017.9
353.187134	-4998350.56
353.18999	-2047264.48
353.192846	1794704.48
353.195702	3125217.82
353.198558	3762373.14
353.201414	2051334.42
353.20427	-205299.677
353.207126	-2453435.87
353.209982	-3494540.15
353.212838	-1081607.95
353.215694	2522266.86
353.21855	3578793.09
353.221406	2383824.36
353.224262	558248.605
353.227118	-1234013.97
353.229974	-2974220.07
353.23283	-2419747.56
353.235686	-625164.324
353.238541	2005388.21
353.241397	3403307.86
353.244253	1550582.17
353.247109	-452201.053
353.249965	-2385033.39
353.252821	-3201088.84
353.255677	-1380245.95
353.258533	805875.363
353.261389	2677253.09
353.264245	3153224.31
353.267101	1291570.02
353.269957	-651372.864
353.272813	-2292536.34
353.275669	-1353878.71
353.278525	701888.855
353.281381	1426761.55
353.284237	2110783.51
353.287093	1920335.87
353.289949	770637.199
353.292805	-361281.021
353.295661	-1277537.48
353.298517	-420004.021
353.301373	1028173.33
353.304229	1101632.47
353.307085	849736.265
353.309941	449644.657
353.312797	-197877.123
353.315653	-878690.653
353.318509	-1145877.22
353.321364	-1133376.08
353.32422	13298.7861
353.327076	1408353.14
353.329932	1128252.47
353.332788	191108.01
353.335644	-787334.605
353.3385	-1687375.07
353.341356	-1096797.69
353.344212	-576352.698
353.347068	-30179.0826
353.349924	1584291.29
353.35278	1666752.31
353.355636	575095.437
353.358492	-547019.009
353.361348	-1494078.65
353.364204	-729042.69
353.36706	589806.078
353.369916	810632.719
353.372772	975504.977
353.375628	695745.554
353.378484	-149106.146
353.38134	-1062454.21
353.384196	-1557841.91
353.387052	-1427756.71
353.389908	396277.988
353.392764	1903575.2
353.39562	1151008.43
353.398476	-2927.14956
353.401331	-1201516.56
353.404187	-2359000.51
353.407043	-1567600.74
353.409899	-763475.624
353.412755	604871.597
353.415611	2450868.59
353.418467	1669613.35
353.421323	193287.195
353.424179	-1337860.37
353.427035	-2760782.09
353.429891	-1398030.1
353.432747	1111779.89
353.435603	1938578.09
353.438459	1805019.3
353.441315	704111.117
353.444171	-590034.29
353.447027	-1346012.12
353.449883	-1688348.32
353.452739	-1346469.65
353.455595	1240690.62
353.458451	2741922.7
353.461307	1444397.21
353.464163	79117.3982
353.467019	-1253712.29
353.469875	-2456270.24
353.472731	-1034320.97
353.475587	467831.019
353.478443	1415665.06
353.481299	2284542.49
353.484154	1173304.99
353.48701	10623.1354
353.489866	-1168571.49
353.492722	-2187648.09
353.495578	-466294.713
353.498434	1304055.54
353.50129	1390971.44
353.504146	1380386.31
353.507002	480764.778
353.509858	-349585.039
353.512714	-606694.15
353.51557	-875187.209
353.518426	-665312.778
353.521282	122212.942
353.524138	953438.42
353.526994	1167482.03
353.52985	254716.083
353.532706	-549056.852
353.535562	-114232.709
353.538418	253621.594
353.541274	-499653.097
353.54413	-131707.282
353.546986	919386.216
353.549842	879885.251
353.552698	199122.791
353.555554	-394878.113
353.55841	-425957.142
353.561266	-655881.17
353.564122	-1373041.08
353.566977	147740.587
353.569833	1734811.39
353.572689	1106433.99
353.575545	417301.367
353.578401	-75603.3878
353.581257	-602230.836
353.584113	-1403089.51
353.586969	-2128276.25
353.589825	-54497.0711
353.592681	2003019.15
353.595537	1218865.69
353.598393	279128.626
353.601249	-526359.237
353.604105	-1203816.24
353.606961	-546775.507
353.609817	148549.821
353.612673	541618.636
353.615529	837758.683
353.618385	94527.216
353.621241	-514851.401
353.624097	-1356054.11
353.626953	-2330455.04
353.629809	76288.83
353.632665	2514190.33
353.635521	1576524.43
353.638377	497740.465
353.641233	-214413.593
353.644089	-271361.175
353.646944	-470334.522
353.6498	-1294903.39
353.652656	-695878.533
353.655512	1085056.85
353.658368	1476141.72
353.661224	668923.573
353.66408	-126378.892
353.666936	-764062.384
353.669792	-480576.032
353.672648	333136.341
353.675504	313470.18
353.67836	227706.926
353.681216	114631.694
353.684072	-546152.691
353.686928	-842494.029
353.689784	-1231309.14
353.69264	-991887.742
353.695496	917260.069
353.698352	1744208.21
353.701208	823948.661
353.704064	-146980.385
353.70692	-899160.434
353.709776	-564106.884
353.712632	-356933.626
353.715488	-651223.041
353.718344	717706.986
353.7212	1649193.86
353.724056	920850.308
353.726912	168967.816
353.729767	-375246.968
353.732623	-277510.998
353.735479	56326.9846
353.738335	-132431.746
353.741191	225580.172
353.744047	618045.124
353.746903	174798.579
353.749759	-320848.951
353.752615	-578177.411
353.755471	-940844.777
353.758327	-1053274.94
353.761183	-47797.549
353.764039	961663.413
353.766895	790065.429
353.769751	-27910.2905
353.772607	-833151.654
353.775463	-1246942.56
353.778319	-1853117.81
353.781175	-1587918.28
353.784031	909064.135
353.786887	2331883.67
353.789743	1468199.74
353.792599	340051.836
353.795455	-632447.267
353.798311	-1514459.68
353.801167	-2379437.85
353.804023	-664637.643
353.806879	2175736.27
353.809734	2242380.71
353.81259	1113860.99
353.815446	204989.635
353.818302	-613944.675
353.821158	-1573821
353.824014	-1863355.35
353.82687	384375.28
353.829726	2063222.34
353.832582	1169813.98
353.835438	187348.089
353.838294	-703583.36
353.84115	-1897375.17
353.844006	-3090381.04
353.846862	-880815.969
353.849718	2446219.59
353.852574	2390732.92
353.85543	1086899.39
353.858286	14320.1924
353.861142	-1047765.73
353.863998	-2586370.55
353.866854	-4026380.51
353.86971	-392568.8
353.872566	3806899.09
353.875422	2958689.74
353.878278	1412435.19
353.881134	351629.421
353.88399	-562537.664
353.886846	-1620004.56
353.889702	-1983541.7
353.892557	484591.484
353.895413	2400755.57
353.898269	1491191.9
353.901125	536343.328
353.903981	-192452.097
353.906837	-1012771.06
353.909693	-1738470.84
353.912549	-186217.419
353.915405	1653408.6
353.918261	1240574.48
353.921117	458804.52
353.923973	-170722.003
353.926829	-874749.22
353.929685	-1971143.11
353.932541	-2962281.79
353.935397	-28258.8121
353.938253	2901194
353.941109	1894493.09
353.943965	764693.789
353.946821	-7449.06011
353.949677	-778295.821
353.952533	-1837522.72
353.955389	-2507707.96
353.958245	193650.908
353.961101	2609590.1
353.963957	1632838.85
353.966813	547979.573
353.969669	-285081.151
353.972525	-1093959.04
353.97538	-1362733.63
353.978236	-457810.43
353.981092	1004811.34
353.983948	1301319.74
353.986804	430121.549
353.98966	-508184.545
353.992516	-1658705.82
353.995372	-2967480.61
353.998228	-1953246.4
354.001084	1582866.45
354.00394	2859798.3
354.006796	1518503.24
354.009652	265159.277
354.012508	-840474.465
354.015364	-2309738.84
354.01822	-3960925.9
354.021076	-2172011.76
354.023932	2410386.32
354.026788	3598807.38
354.029644	1831291.04
354.0325	195247.897
354.035356	-1336332
354.038212	-2897690.97
354.041068	-2200917.06
354.043924	790970.054
354.04678	2650588.22
354.049636	2159107.69
354.052492	597492.82
354.055347	-979916.016
354.058203	-2994573.73
354.061059	-4802721.36
354.063915	-382239.745
354.066771	4614581.07
354.069627	3438764.85
354.072483	1518402.24
354.075339	157722.128
354.078195	-1130451.5
354.081051	-2951579.88
354.083907	-4710326.17
354.086763	-817732.121
354.089619	4198880.42
354.092475	3597975.44
354.095331	1702569.82
354.098187	289319.025
354.101043	-996011.586
354.103899	-2470020.07
354.106755	-2731844.85
354.109611	405273.483
354.112467	2970502.96
354.115323	2091745.41
354.118179	557506.267
354.121035	-872721.846
354.123891	-2412371.47
354.126747	-2769838.98
354.129603	24653.1894
354.132459	2825527.41
354.135315	2491401.55
354.13817	1007509.03
354.141026	-309484.201
354.143882	-1776529.6
354.146738	-3353810.71
354.149594	-2004693.62
354.15245	2173320.82
354.155306	3560692
354.158162	2080048.48
354.161018	822807.983
354.163874	-67840.1413
354.16673	-1008219.1
354.169586	-2075240.6
354.172442	-1653179.61
354.175298	1019258.94
354.178154	2277816.27
354.18101	1217754.87
354.183866	151850.7
354.186722	-831292.543
354.189578	-1889990.42
354.192434	-1861762.57
354.19529	-116548.057
354.198146	1609607.07
354.201002	1572502.53
354.203858	371795.399
354.206714	-904176.05
354.20957	-2558830.16
354.212426	-4484775.7
354.215282	-2977098.53
354.218137	2172811.69
354.220993	4212145.99
354.223849	2465280.82
354.226705	576386.805
354.229561	-1108065.38
354.232417	-3282404.41
354.235273	-5384475.41
354.238129	-1237047.79
354.240985	4604617.99
354.243841	4270555.85
354.246697	2064469.76
354.249553	375234.635
354.252409	-1140673.08
354.255265	-2967098.15
354.258121	-3742679.71
354.260977	552811.278
354.263833	3991151.86
354.266689	2296241.35
354.269545	404918.277
354.272401	-1286026
354.275257	-3523895.9
354.278113	-5775039.93
354.280969	-1783504.46
354.283825	4439531.2
354.286681	4451541.05
354.289537	1967379.28
354.292393	-141828.945
354.295249	-2302958.26
354.298105	-5428435.95
354.30096	-8015010.08
354.303816	-192971.756
354.306672	7911043.05
354.309528	5616550.22
354.312384	2476191.54
354.31524	299164.466
354.318096	-1618136.94
354.320952	-3289811.3
354.323808	-3589275.17
354.326664	1201583.46
354.32952	4857944.67
354.332376	2890046.19
354.335232	780188.737
354.338088	-1007041.56
354.340944	-2693697.6
354.3438	-1988593.54
354.346656	1312264.23
354.349512	2941644.34
354.352368	1960121.22
354.355224	494923.054
354.35808	-875626.375
354.360936	-2645747.01
354.363792	-4761456.31
354.366648	-3386389.49
354.369504	2473516.56
354.37236	4955309.74
354.375216	2832103.46
354.378072	870541.583
354.380928	-685355.408
354.383783	-2420285.47
354.386639	-3884893.15
354.389495	-2682997.14
354.392351	2175507.39
354.395207	4489069.09
354.398063	2557626.47
354.400919	712458.138
354.403775	-815049.366
354.406631	-2290397.47
354.409487	-2069377.25
354.412343	190965.713
354.415199	2170143.11
354.418055	2101325.02
354.420911	644368.012
354.423767	-850905.45
354.426623	-2713436.93
354.429479	-4783929.61
354.432335	-2811772.27
354.435191	2804112.47
354.438047	4471820.25
354.440903	2340488.28
354.443759	408458.32
354.446615	-1288543.6
354.449471	-3546486
354.452327	-6254228.99
354.455183	-4335634.68
354.458039	3169326.71
354.460895	6138463.32
354.46375	3277873.25
354.466606	505050.452
354.469462	-2013029.36
354.472318	-4573333.17
354.475174	-3777635.44
354.47803	762269.098
354.480886	4163322.44
354.483742	3747050.87
354.486598	1131173.48
354.489454	-1542550.03
354.49231	-4761775
354.495166	-7109885.06
354.498022	-375551.816
354.500878	6940782.65
354.503734	5246672.93
354.50659	2176163.48
354.509446	-177294.942
354.512302	-2608951.25
354.515158	-5680620.59
354.518014	-6360265.55
354.52087	864384.483
354.523726	6966739.94
354.526582	5132561.29
354.529438	2132107.86
354.532294	-201842.071
354.53515	-2640333.83
354.538006	-5180307.99
354.540862	-3103221.96
354.543718	2941758.35
354.546573	5044333.32
354.549429	3030646.57
354.552285	632125.34
354.555141	-1638342.01
354.557997	-4100593.62
354.560853	-4167553.76
354.563709	896736.377
354.566565	4846913.7
354.569421	3655534.68
354.572277	1337380.4
354.575133	-681930.137
354.577989	-3029756.71
354.580845	-5364722.28
354.583701	-1945670.09
354.586557	4312734.05
354.589413	4979005.41
354.592269	2700081.51
354.595125	916621.594
354.597981	-471660.243
354.600837	-2112724.6
354.603693	-3762408.42
354.606549	-1394343.39
354.609405	2949997.41
354.612261	3359367.1
354.615117	1664187.04
354.617973	222970.392
354.620829	-1109846.85
354.623685	-2519768.9
354.62654	-2249016.6
354.629396	305824.008
354.632252	2277858.71
354.635108	1896721.28
354.637964	358698.362
354.64082	-1265816.85
354.643676	-3425215.64
354.646532	-5677298.83
354.649388	-2307965.08
354.652244	3584521.54
354.6551	4390349.24
354.657956	2445390.01
354.660812	277594.678
354.663668	-1883719.43
354.666524	-4880373.56
354.66938	-7664955.51
354.672236	-854120.926
354.675092	7084007.67
354.677948	5471022.63
354.680804	2439448.41
354.68366	248267.005
354.686516	-1745091.98
354.689372	-3948744.87
354.692228	-5046059.76
354.695084	601900.92
354.69794	5359416
354.700796	2989357.98
354.703652	245210.71
354.706508	-2362040.68
354.709363	-5417819.81
354.712219	-6187879.35
354.715075	-141050.438
354.717931	5890493.7
354.720787	5071924.5
354.723643	1926062.8
354.726499	-835477.542
354.729355	-3962481.25
354.732211	-8441397.2
354.735067	-10862568.3
354.737923	1035159.83
354.740779	11525436.2
354.743635	7646507.73
354.746491	3230087.51
354.749347	192431.896
354.752203	-2641762.12
354.755059	-5433561.76
354.757915	-5632948.82
354.760771	2073094.94
354.763627	7523735.25
354.766483	4506336.23
354.769339	1359087.74
354.772195	-1222382.82
354.775051	-3812301.03
354.777907	-3902622.49
354.780763	1165041.2
354.783619	4851776.77
354.786475	3397724.99
354.789331	1086240.47
354.792186	-948220.123
354.795042	-3427809.17
354.797898	-6343509.13
354.800754	-4578688.5
354.80361	3364047.25
354.806466	6808766.45
354.809322	3929043.73
354.812178	1257385.53
354.815034	-864526.482
354.81789	-3199247.85
354.820746	-4779625.03
354.823602	-1718910.9
354.826458	3895958.85
354.829314	5009299.73
354.83217	2709800.32
354.835026	744102.983
354.837882	-917865.749
354.840738	-2469795.08
354.843594	-1690102.48
354.84645	1125939.66
354.849306	2549213.44
354.852162	1921367.9
354.855018	540264.903
354.857874	-816076.486
354.86073	-2473259.28
354.863586	-3809197.87
354.866442	-874822.594
354.869298	3180771.8
354.872153	2996584.65
354.875009	1264572.54
354.877865	-209025.468
354.880721	-1744735.79
354.883577	-3772425.1
354.886433	-4852293.83
354.889289	-1383079.88
354.892145	3746401.22
354.895001	4315241.26
354.897857	1985710.19
354.900713	-128346.65
354.903569	-2279133.28
354.906425	-4598326.7
354.909281	-3494326.23
354.912137	1582324.05
354.914993	4392798.25
354.917849	3113724.59
354.920705	777561.731
354.923561	-1479669.38
354.926417	-4105674.68
354.929273	-5447377.63
354.932129	-251221.807
354.934985	5226398.79
354.937841	4179241.32
354.940697	1557939.09
354.943553	-681138.804
354.946409	-3216415.68
354.949265	-6351814.5
354.952121	-5868300.84
354.954976	2483023.69
354.957832	7462456.96
354.960688	4470423.57
354.963544	1543241.47
354.9664	-667744.539
354.969256	-3185170.63
354.972112	-6177300.32
354.974968	-5023674.72
354.977824	2864961.23
354.98068	6793997.8
354.983536	3795610.03
354.986392	804296.254
354.989248	-1827215.47
354.992104	-4440293.44
354.99496	-3666376.05
354.997816	871209.905
355.000672	4288221.44
355.003528	3914386.96
355.006384	1390797.85
355.00924	-1098201.15
355.012096	-4104724.6
355.014952	-6868210.67
355.017808	-1084378.27
355.020664	6423847.51
355.02352	5536156
355.026376	2746953.54
355.029232	755596.88
355.032088	-922240.676
355.034944	-3076241.3
355.037799	-5124173.92
355.040655	-923409.734
355.043511	4697407.81
355.046367	4148139.66
355.049223	2012323.5
355.052079	405783.549
355.054935	-1032373.53
355.057791	-2545873.97
355.060647	-2282387.77
355.063503	826794.372
355.066359	2805033.94
355.069215	1883998.93
355.072071	375205.973
355.074927	-1105277.12
355.077783	-3076972.85
355.080639	-5017332.31
355.083495	-1284395.22
355.086351	4131101.01
355.089207	3919374.17
355.092063	1832679.26
355.094919	174009.113
355.097775	-1405821.84
355.100631	-3631726.16
355.103487	-5673544.54
355.106343	-386960.23
355.109199	5466907.1
355.112055	4022256.81
355.114911	1799895.74
355.117766	249724.297
355.120622	-1116358.13
355.123478	-2490756.91
355.126334	-3123703.42
355.12919	462816.681
355.132046	3451465.42
355.134902	1875899.14
355.137758	34820.2794
355.140614	-1777769.05
355.14347	-3795064.81
355.146326	-3513615.03
355.149182	742403.239
355.152038	3864806.92
355.154894	2957134.07
355.15775	952514.552
355.160606	-848789.082
355.163462	-3022649.12
355.166318	-6053081.38
355.169174	-6910929.69
355.17203	1208540.09
355.174886	7632479.91
355.177742	5002581.38
355.180598	1996935.41
355.183454	-177150.663
355.18631	-2304151.27
355.189166	-4203911.87
355.192022	-3631916.53
355.194878	2019792.49
355.197734	5410449.43
355.200589	3146536.01
355.203445	858204.328
355.206301	-1072520.87
355.209157	-2938507.06
355.212013	-2388935.58
355.214869	1319719.25
355.217725	3353557.05
355.220581	2203305.77
355.223437	523993.877
355.226293	-1062471.37
355.229149	-2997339.37
355.232005	-4556272.69
355.234861	-2078136.29
355.237717	3209208.21
355.240573	4545835.88
355.243429	2441772.21
355.246285	594284.601
355.249141	-997172.774
355.251997	-2924731.5
355.254853	-4328921.65
355.257709	-1151583.05
355.260565	3725224.16
355.263421	4104878.55
355.266277	2172234.09
355.269133	620432.498
355.271989	-678643.378
355.274845	-1901347.98
355.277701	-1355235.89
355.280556	931606.959
355.283412	2108044.3
355.286268	1540661.2
355.289124	479881.709
355.29198	-525372.531
355.294836	-1706782.76
355.297692	-2444174.82
355.300548	212955.503
355.303404	2592216.57
355.30626	1577627.85
355.309116	446667.23
355.311972	-462859.389
355.314828	-1573541.29
355.317684	-3107916.64
355.32054	-3403855.97
355.323396	781723.285
355.326252	3832984.18
355.329108	2342258.45
355.331964	795397.299
355.33482	-382460.178
355.337676	-1726698.49
355.340532	-3222463.48
355.343388	-2092992.48
355.346244	1846097.82
355.3491	3246708.2
355.351956	1733354.07
355.354812	303336.571
355.357668	-984711.151
355.360524	-2429169.59
355.363379	-2693801.06
355.366235	169228.744
355.369091	2744867.87
355.371947	2168677.9
355.374803	693931.617
355.377659	-665298.417
355.380515	-2316520.57
355.383371	-4159067.87
355.386227	-2521827.3
355.389083	2487851.23
355.391939	4125778.22
355.394795	2287905.18
355.397651	654347.666
355.400507	-671383.139
355.403363	-2307182.52
355.406219	-4150143.55
355.409075	-2521662.59
355.411931	2470948.08
355.414787	4076386.94
355.417643	2171206.06
355.420499	390698.92
355.423355	-1214889.21
355.426211	-2811654.65
355.429067	-2130922.06
355.431923	856348.611
355.434779	2720664.92
355.437635	2245309.94
355.440491	719191.06
355.443347	-784111.633
355.446202	-2654195.2
355.449058	-4324551
355.451914	-320936.18
355.45477	4265855.82
355.457626	3250702.33
355.460482	1522408.29
355.463338	328652.534
355.466194	-738892.447
355.46905	-2179053.8
355.471906	-3440106.19
355.474762	93234.2905
355.477618	3639174.62
355.480474	2420435.67
355.48333	1068803.28
355.486186	176690.809
355.489042	-650314.694
355.491898	-1520409.19
355.494754	-1180354.04
355.49761	858876.054
355.500466	1773634.11
355.503322	951699.294
355.506178	136664.814
355.509034	-625920.441
355.51189	-1672740.42
355.514746	-2631417.67
355.517602	-206486.308
355.520458	2499683.22
355.523314	1832258.24
355.526169	774715.282
355.529025	4950.87595
355.531881	-766464.999
355.534737	-1895757.66
355.537593	-2902094.46
355.540449	27626.688
355.543305	2961851.36
355.546161	1970866.4
355.549017	874590.503
355.551873	170653.619
355.554729	-458804.927
355.557585	-1240525.94
355.560441	-1653328.33
355.563297	186312.74
355.566153	1738563.9
355.569009	1012842.59
355.571865	192479.394
355.574721	-536388.458
355.577577	-1491345.91
355.580433	-2401067.22
355.583289	-485128.113
355.586145	1982684.5
355.589001	1618687.06
355.591857	560549.286
355.594713	-354616.918
355.597569	-1416953.43
355.600425	-2965638.39
355.603281	-3817880.18
355.606137	374531.323
355.608992	3995197.15
355.611848	2528980.47
355.614704	935418.176
355.61756	-233578.636
355.620416	-1368170.04
355.623272	-2109230.51
355.626128	-1615962.8
355.628984	1133634.66
355.63184	2738945.04
355.634696	1531400.68
355.637552	286446.635
355.640408	-844122.374
355.643264	-1800278.51
355.64612	-447209.634
355.648976	1505467.49
355.651832	1497664.01
355.654688	844548.602
355.657544	53207.0532
355.6604	-792722.311
355.663256	-1867113.38
355.666112	-2336592.52
355.668968	25088.5324
355.671824	2390336.5
355.67468	1933748.29
355.677536	889655.795
355.680392	104876.983
355.683248	-644375.084
355.686104	-1636395.37
355.688959	-2307765.88
355.691815	-147032.431
355.694671	2301999.5
355.697527	1944721.1
355.700383	986228.273
355.703239	309843.783
355.706095	-247001.091
355.708951	-804686.078
355.711807	-725147.958
355.714663	499085.5
355.717519	1172836.16
355.720375	711604.609
355.723231	269025.608
355.726087	-68728.7773
355.728943	-379216.19
355.731799	-359665.636
355.734655	235511.557
355.737511	553716.236
355.740367	297650.156
355.743223	35942.1587
355.746079	-208093.8
355.748935	-547770.133
355.751791	-993562.272
355.754647	-852623.716
355.757503	407457.132
355.760359	1103731.31
355.763215	659228.816
355.766071	234999.743
355.768927	-77226.0785
355.771782	-425560.572
355.774638	-898924.036
355.777494	-1050967.37
355.78035	199322.053
355.783206	1165019.98
355.786062	709785.037
355.788918	220252.348
355.791774	-166670.06
355.79463	-483238.664
355.797486	-267521.19
355.800342	-28719.488
355.803198	204580.443
355.806054	401121.046
355.80891	41605.4842
355.811766	-436476.905
355.814622	-1103210.35
355.817478	-1689528.69
355.820334	-25133.5963
355.82319	1638188.76
355.826046	1049740.45
355.828902	383681.792
355.831758	-93971.6607
355.834614	-608704.447
355.83747	-1398274.43
355.840326	-2110272.98
355.843182	-17871.3368
355.846038	2070381.92
355.848894	1343627.82
355.85175	519858.397
355.854605	-69754.683
355.857461	-687550.249
355.860317	-1340506.72
355.863173	-821266.64
355.866029	825603.369
355.868885	1344873.61
355.871741	691978.704
355.874597	74278.7566
355.877453	-515200.328
355.880309	-1338790.84
355.883165	-2065311.48
355.886021	23243.9043
355.888877	2116037.41
355.891733	1404552.53
355.894589	615668.436
355.897445	101876.103
355.900301	-374441.632
355.903157	-1038516.06
355.906013	-1623848.11
355.908869	44707.4808
355.911725	1718597.21
355.914581	1150951.08
355.917437	522968.588
355.920293	116203.455
355.923149	-248489.927
355.926005	-604020.976
355.928861	-359814.57
355.931717	456245.231
355.934572	714566.519
355.937428	393367.657
355.940284	99944.6294
355.94314	-159819.464
355.945996	-501364.106
355.948852	-797922.349
355.951708	35331.6664
355.954564	873386.253
355.95742	593360.804
355.960276	288086.587
355.963132	103694.077
355.965988	-43175.6827
355.968844	-223492.363
355.9717	-377106.66
355.974556	37098.4225
355.977412	456236.868
355.980268	319313.811
355.983124	174423.852
355.98598	98824.3849
355.988836	60452.2092
355.991692	39570.6143
355.994548	27238.9243
355.997404	19359.9853
356.00026	13926.8919
356.003116	9872.44292
356.005972	6568.53482
356.008828	3587.33547
356.011684	565.490261
356.01454	-2905.1766
356.017395	-7419.25099
356.020251	-14020.4087
356.023107	-24783.8153
356.025963	-44196.9355
356.028819	-82138.1956
356.031675	-154643.469
356.034531	-223082.936
356.037387	-13402.3928
356.040243	193914.682
356.043099	117448.835
356.045955	27796.2834
356.048811	-44908.337
356.051667	-136052.965
356.054523	-287155.798
356.057379	-424871.976
356.060235	-2276.0405
356.063091	420177.718
356.065947	282018.292
356.068803	130117.172
356.071659	37715.0885
356.074515	-36887.6388
356.077371	-129391.302
356.080227	-210211.399
356.083083	-9762.55464
356.085939	188572.936
356.088795	100252.151
356.091651	-9575.81002
356.094507	-121980.898
356.097362	-285020.407
356.100218	-431264.671
356.103074	-17041.4745
356.10593	394666.565
356.108786	240051.846
356.111642	59813.6103
356.114498	-86041.4301
356.117354	-268431.695
356.12021	-570468.566
356.123066	-845495.204
356.125922	336.750684
356.128778	846142.665
356.131634	571033.099
356.13449	268840.439
356.137346	86189.0001
356.140202	-60093.7973
356.143058	-241042.297
356.145914	-396878.049
356.14877	12623.6666
356.151626	422607.968
356.154482	267670.067
356.157338	86085.1796
356.160194	-60877.8381
356.16305	-166611.889
356.165906	23237.9987
356.168762	219285.734
356.171618	136057.335
356.174474	42194.5311
356.17733	-33165.2172
356.180185	-125937.507
356.183041	-277915.025
356.185897	-415868.166
356.188753	7145.76957
356.191609	430853.477
356.194465	295250.849
356.197321	148286.758
356.200177	65699.1141
356.203033	11324.5155
356.205889	-44132.7036
356.208745	-125322.479
356.211601	-197297.417
356.214457	12616.3994
356.217313	223941.337
356.220169	156650.317
356.223025	85035.35
356.225881	47860.8125
356.228737	29175.3859
356.231593	19161.8592
356.234449	13385.697
356.237305	9826.76098
356.240161	7508.07779
356.243017	5925.27042
356.245873	4801.77162
356.248729	3977.65401
356.251585	3356.06005
356.254441	2875.92283
356.257297	2497.36731
356.260153	2193.54449
356.263008	1945.88096
356.265864	1741.21713
356.26872	1570.02875
356.271576	1425.29033
356.274432	1301.73032
356.277288	1195.33187
356.280144	1102.99126
356.283	1022.27969
356.285856	951.274488
356.288712	888.43742
356.291568	832.525837
356.294424	782.526857
356.29728	737.608041
356.300136	697.080007
356.302992	660.367776
356.305848	626.98862
356.308704	596.53476
356.31156	568.659746
356.314416	543.067646
356.317272	519.504402
356.320128	497.750868
356.322984	477.617169
356.32584	458.938098
356.328696	441.569337
356.331552	425.384343
356.334408	410.271763
356.337264	396.133282
356.34012	382.881811
356.342975	370.439977
356.345831	358.738836
356.348687	347.716783
356.351543	337.318629
356.354399	327.494806
356.357255	318.200686
356.360111	309.395998
356.362967	301.044321
356.365823	293.112645
356.368679	285.570993
356.371535	278.392087
356.374391	271.551059
356.377247	265.025197
356.380103	258.793721
356.382959	252.837589
356.385815	247.139321
356.388671	241.682846
356.391527	236.453367
356.394383	231.437241
356.397239	226.621869
356.400095	221.9956
356.402951	217.547648
356.405807	213.268014
356.408663	209.147416
356.411519	205.177227
356.414375	201.349423
356.417231	197.656526
356.420087	194.091566
356.422943	190.648035
356.425798	187.319851
356.428654	184.101327
356.43151	180.987134
356.434366	177.972282
356.437222	175.052087
356.440078	172.222151
356.442934	169.478343
356.44579	166.816775
356.448646	164.233787
356.451502	161.725933
356.454358	159.289962
356.457214	156.922805
356.46007	154.621566
356.462926	152.383508
356.465782	150.20604
356.468638	148.086712
356.471494	146.023204
356.47435	144.013315
356.477206	142.05496
356.480062	140.146159
356.482918	138.285033
356.485774	136.469795
356.48863	134.698747
356.491486	132.970275
356.494342	131.28284
356.497198	129.634978
356.500054	128.025293
356.50291	126.452456
356.505765	124.915197
356.508621	123.412304
356.511477	121.94262
356.514333	120.505041
356.517189	119.09851
356.520045	117.722016
356.522901	116.374592
356.525757	115.055313
356.528613	113.763292
356.531469	112.497681
356.534325	111.257664
356.537181	110.042461
356.540037	108.851324
356.542893	107.683532
356.545749	106.538397
356.548605	105.415254
356.551461	104.313467
356.554317	103.232423
356.557173	102.171533
356.560029	101.130231
356.562885	100.10797
356.565741	99.104225
356.568597	98.1184914
356.571453	97.1502813
356.574309	96.1991251
356.577165	95.26457
356.580021	94.3461794
356.582877	93.443532
356.585733	92.5562212
356.588588	91.6838545
356.591444	90.826053
356.5943	89.9824505
356.597156	89.1526932
356.600012	88.3364393
356.602868	87.5333582
356.605724	86.7431302
356.60858	85.9654459
356.611436	85.2000061
356.614292	84.4465212
356.617148	83.7047106
356.620004	82.9743028
356.62286	82.2550346
356.625716	81.5466511
356.628572	80.8489052
356.631428	80.1615574
356.634284	79.4843754
356.63714	78.8171339
356.639996	78.1596143
356.642852	77.5116045
356.645708	76.8728987
356.648564	76.2432969
356.65142	75.6226052
356.654276	75.010635
356.657132	74.4072032
356.659988	73.8121318
356.662844	73.2252478
356.6657	72.6463833
356.668556	72.0753746
356.671411	71.5120628
356.674267	70.9562932
356.677123	70.4079154
356.679979	69.866783
356.682835	69.3327535
356.685691	68.8056881
356.688547	68.2854517
356.691403	67.7719129
356.694259	67.2649434
356.697115	66.7644186
356.699971	66.2702167
356.702827	65.7822192
356.705683	65.3003106
356.708539	64.8243782
356.711395	64.3543122
356.714251	63.8900055
356.717107	63.4313537
356.719963	62.9782548
356.722819	62.5306093
356.725675	62.0883203
356.728531	61.6512929
356.731387	61.2194348
356.734243	60.7926557
356.737099	60.3708674
356.739955	59.9539838
356.742811	59.5419208
356.745667	59.1345963
356.748523	58.7319301
356.751378	58.3338436
356.754234	57.9402602
356.75709	57.5511051
356.759946	57.1663049
356.762802	56.785788
356.765658	56.4094844
356.768514	56.0373256
356.77137	55.6692446
356.774226	55.3051758
356.777082	54.9450552
356.779938	54.58882
356.782794	54.2364087
356.78565	53.8877612
356.788506	53.5428188
356.791362	53.2015239
356.794218	52.86382
356.797074	52.5296518
356.79993	52.1989655
356.802786	51.8717078
356.805642	51.5478271
356.808498	51.2272723
356.811354	50.9099938
356.81421	50.5959427
356.817066	50.2850712
356.819922	49.9773323
356.822778	49.6726802
356.825634	49.3710698
356.82849	49.0724569
356.831346	48.7767982
356.834201	48.4840513
356.837057	48.1941744
356.839913	47.9071267
356.842769	47.6228682
356.845625	47.3413595
356.848481	47.0625621
356.851337	46.786438
356.854193	46.5129503
356.857049	46.2420623
356.859905	45.9737383
356.862761	45.7079433
356.865617	45.4446427
356.868473	45.1838027
356.871329	44.92539
356.874185	44.6693721
356.877041	44.4157168
356.879897	44.1643927
356.882753	43.9153689
356.885609	43.668615
356.888465	43.4241011
356.891321	43.1817981
356.894177	42.941677
356.897033	42.7037095
356.899889	42.4678679
356.902745	42.2341249
356.905601	42.0024535
356.908457	41.7728274
356.911313	41.5452206
356.914168	41.3196076
356.917024	41.0959634
356.91988	40.8742631
356.922736	40.6544827
356.925592	40.4365982
356.928448	40.2205862
356.931304	40.0064237
356.93416	39.7940878
356.937016	39.5835563
356.939872	39.3748073
356.942728	39.1678192
356.945584	38.9625706
356.94844	38.7590407
356.951296	38.5572089
356.954152	38.3570549
356.957008	38.1585588
356.959864	37.9617011
356.96272	37.7664623
356.965576	37.5728234
356.968432	37.3807658
356.971288	37.1902711
356.974144	37.0013211
356.977	36.8138979
356.979856	36.627984
356.982712	36.443562
356.985568	36.2606149
356.988424	36.0791259
356.99128	35.8990785
356.994136	35.7204563
356.996991	35.5432434
356.999847	35.3674239
357.002703	35.1929822
357.005559	35.019903
357.008415	34.8481712
357.011271	34.6777718
357.014127	34.5086903
357.016983	34.3409121
357.019839	34.174423
357.022695	34.009209
357.025551	33.8452561
357.028407	33.6825508
357.031263	33.5210796
357.034119	33.3608292
357.036975	33.2017866
357.039831	33.0439388
357.042687	32.8872732
357.045543	32.7317773
357.048399	32.5774387
357.051255	32.4242451
357.054111	32.2721847
357.056967	32.1212455
357.059823	31.9714158
357.062679	31.8226843
357.065535	31.6750394
357.068391	31.52847
357.071247	31.382965
357.074103	31.2385135
357.076959	31.0951048
357.079814	30.9527282
357.08267	30.8113733
357.085526	30.6710297
357.088382	30.5316872
357.091238	30.3933359
357.094094	30.2559656
357.09695	30.1195668
357.099806	29.9841296
357.102662	29.8496445
357.105518	29.7161022
357.108374	29.5834934
357.11123	29.4518087
357.114086	29.3210393
357.116942	29.1911762
357.119798	29.0622105
357.122654	28.9341335
357.12551	28.8069366
357.128366	28.6806114
357.131222	28.5551494
357.134078	28.4305425
357.136934	28.3067823
357.13979	28.1838608
357.142646	28.0617701
357.145502	27.9405023
357.148358	27.8200496
357.151214	27.7004043
357.15407	27.5815589
357.156926	27.4635058
357.159781	27.3462377
357.162637	27.2297473
357.165493	27.1140273
357.168349	26.9990706
357.171205	26.8848702
357.174061	26.7714191
357.176917	26.6587104
357.179773	26.5467373
357.182629	26.4354932
357.185485	26.3249714
357.188341	26.2151653
357.191197	26.1060685
357.194053	25.9976746
357.196909	25.8899772
357.199765	25.7829702
357.202621	25.6766472
357.205477	25.5710023
357.208333	25.4660293
357.211189	25.3617224
357.214045	25.2580757
357.216901	25.1550832
357.219757	25.0527393
357.222613	24.9510383
357.225469	24.8499745
357.228325	24.7495423
357.231181	24.6497364
357.234037	24.5505511
357.236893	24.4519813
357.239749	24.3540215
357.242604	24.2566665
357.24546	24.1599111
357.248316	24.0637501
357.251172	23.9681786
357.254028	23.8731914
357.256884	23.7787836
357.25974	23.6849503
357.262596	23.5916866
357.265452	23.4989877
357.268308	23.4068489
357.271164	23.3152654
357.27402	23.2242327
357.276876	23.1337461
357.279732	23.043801
357.282588	22.9543931
357.285444	22.8655177
357.2883	22.7771706
357.291156	22.6893473
357.294012	22.6020436
357.296868	22.5152552
357.299724	22.4289778
357.30258	22.3432074
357.305436	22.2579397
357.308292	22.1731708
357.311148	22.0888965
357.314004	22.0051128
357.31686	21.9218159
357.319716	21.8390017
357.322571	21.7566664
357.325427	21.6748062
357.328283	21.5934173
357.331139	21.5124959
357.333995	21.4320384
357.336851	21.3520409
357.339707	21.2725
357.342563	21.1934119
357.345419	21.1147732
357.348275	21.0365803
357.351131	20.9588296
357.353987	20.8815179
357.356843	20.8046415
357.359699	20.7281972
357.362555	20.6521815
357.365411	20.5765912
357.368267	20.501423
357.371123	20.4266736
357.373979	20.3523399
357.376835	20.2784185
357.379691	20.2049063
357.382547	20.1318003
357.385403	20.0590974
357.388259	19.9867944
357.391115	19.9148883
357.393971	19.8433761
357.396827	19.7722549
357.399683	19.7015217
357.402539	19.6311736
357.405394	19.5612077
357.40825	19.4916211
357.411106	19.422411
357.413962	19.3535746
357.416818	19.2851091
357.419674	19.2170118
357.42253	19.14928
357.425386	19.0819108
357.428242	19.0149018
357.431098	18.9482501
357.433954	18.8819532
357.43681	18.8160085
357.439666	18.7504135
357.442522	18.6851655
357.445378	18.620262
357.448234	18.5557006
357.45109	18.4914788
357.453946	18.4275941
357.456802	18.364044
357.459658	18.3008262
357.462514	18.2379383
357.46537	18.1753778
357.468226	18.1131426
357.471082	18.0512302
357.473938	17.9896383
357.476794	17.9283647
357.47965	17.8674071
357.482506	17.8067633
357.485362	17.746431
357.488217	17.6864081
357.491073	17.6266924
357.493929	17.5672817
357.496785	17.5081739
357.499641	17.4493668
357.502497	17.3908584
357.505353	17.3326466
357.508209	17.2747293
357.511065	17.2171045
357.513921	17.1597701
357.516777	17.1027242
357.519633	17.0459647
357.522489	16.9894897
357.525345	16.9332973
357.528201	16.8773854
357.531057	16.8217523
357.533913	16.7663959
357.536769	16.7113143
357.539625	16.6565058
357.542481	16.6019685
357.545337	16.5477005
357.548193	16.4937
357.551049	16.4399652
357.553905	16.3864943
357.556761	16.3332855
357.559617	16.2803371
357.562473	16.2276473
357.565329	16.1752145
357.568184	16.1230368
357.57104	16.0711127
357.573896	16.0194403
357.576752	15.9680181
357.579608	15.9168443
357.582464	15.8659174
357.58532	15.8152357
357.588176	15.7647977
357.591032	15.7146016
357.593888	15.6646459
357.596744	15.614929
357.5996	15.5654495
357.602456	15.5162056
357.605312	15.467196
357.608168	15.418419
357.611024	15.3698732
357.61388	15.3215571
357.616736	15.2734692
357.619592	15.2256079
357.622448	15.1779719
357.625304	15.1305598
357.62816	15.08337
357.631016	15.0364011
357.633872	14.9896518
357.636728	14.9431207
357.639584	14.8968062
357.64244	14.8507072
357.645296	14.8048221
357.648152	14.7591497
357.651007	14.7136886
357.653863	14.6684375
357.656719	14.6233951
357.659575	14.5785599
357.662431	14.5339308
357.665287	14.4895065
357.668143	14.4452856
357.670999	14.4012669
357.673855	14.3574492
357.676711	14.3138311
357.679567	14.2704115
357.682423	14.2271891
357.685279	14.1841627
357.688135	14.1413311
357.690991	14.098693
357.693847	14.0562474
357.696703	14.013993
357.699559	13.9719286
357.702415	13.9300531
357.705271	13.8883653
357.708127	13.846864
357.710983	13.8055483
357.713839	13.7644168
357.716695	13.7234685
357.719551	13.6827023
357.722407	13.6421171
357.725263	13.6017118
357.728119	13.5614852
357.730974	13.5214364
357.73383	13.4815643
357.736686	13.4418677
357.739542	13.4023457
357.742398	13.3629972
357.745254	13.3238212
357.74811	13.2848166
357.750966	13.2459825
357.753822	13.2073177
357.756678	13.1688213
357.759534	13.1304924
357.76239	13.0923299
357.765246	13.0543328
357.768102	13.0165001
357.770958	12.978831
357.773814	12.9413244
357.77667	12.9039794
357.779526	12.866795
357.782382	12.8297703
357.785238	12.7929044
357.788094	12.7561963
357.79095	12.7196451
357.793806	12.68325
357.796662	12.64701
357.799518	12.6109241
357.802374	12.5749917
357.80523	12.5392116
357.808086	12.5035831
357.810942	12.4681053
357.813797	12.4327773
357.816653	12.3975983
357.819509	12.3625674
357.822365	12.3276838
357.825221	12.2929466
357.828077	12.258355
357.830933	12.2239082
357.833789	12.1896053
357.836645	12.1554455
357.839501	12.1214281
357.842357	12.0875522
357.845213	12.053817
357.848069	12.0202217
357.850925	11.9867656
357.853781	11.9534478
357.856637	11.9202676
357.859493	11.8872242
357.862349	11.8543169
357.865205	11.8215449
357.868061	11.7889074
357.870917	11.7564037
357.873773	11.724033
357.876629	11.6917946
357.879485	11.6596879
357.882341	11.6277119
357.885197	11.5958661
357.888053	11.5641497
357.890909	11.5325621
357.893765	11.5011024
357.89662	11.4697699
357.899476	11.4385641
357.902332	11.4074842
357.905188	11.3765295
357.908044	11.3456993
357.9109	11.314993
357.913756	11.2844098
357.916612	11.2539492
357.919468	11.2236104
357.922324	11.1933928
357.92518	11.1632957
357.928036	11.1333185
357.930892	11.1034606
357.933748	11.0737212
357.936604	11.0440998
357.93946	11.0145957
357.942316	10.9852083
357.945172	10.955937
357.948028	10.9267812
357.950884	10.8977401
357.95374	10.8688133
357.956596	10.8400002
357.959452	10.8113
357.962308	10.7827123
357.965164	10.7542363
357.96802	10.7258716
357.970876	10.6976176
357.973732	10.6694736
357.976587	10.6414391
357.979443	10.6135135
357.982299	10.5856962
357.985155	10.5579867
357.988011	10.5303844
357.990867	10.5028887
357.993723	10.4754992
357.996579	10.4482151
357.999435	10.4210361
358.002291	10.3939615
358.005147	10.3669908
358.008003	10.3401234
358.010859	10.3133589
358.013715	10.2866966
358.016571	10.2601361
358.019427	10.2336769
358.022283	10.2073184
358.025139	10.1810601
358.027995	10.1549015
358.030851	10.128842
358.033707	10.1028813
358.036563	10.0770187
358.039419	10.0512537
358.042275	10.025586
358.045131	10.0000149
358.047987	9.97453997
358.050843	9.94916076
358.053699	9.92387676
358.056555	9.89868749
358.05941	9.87359247
358.062266	9.84859123
358.065122	9.82368329
358.067978	9.79886819
358.070834	9.77414545
358.07369	9.74951462
358.076546	9.72497523
358.079402	9.70052682
358.082258	9.67616895
358.085114	9.65190116
358.08797	9.627723
358.090826	9.60363402
358.093682	9.57963378
358.096538	9.55572185
358.099394	9.53189778
358.10225	9.50816114
358.105106	9.48451149
358.107962	9.46094842
358.110818	9.43747148
358.113674	9.41408026
358.11653	9.39077433
358.119386	9.36755328
358.122242	9.34441669
358.125098	9.32136414
358.127954	9.29839523
358.13081	9.27550955
358.133666	9.25270669
358.136522	9.22998625
358.139377	9.20734782
358.142233	9.18479101
358.145089	9.16231542
358.147945	9.13992066
358.150801	9.11760634
358.153657	9.09537206
358.156513	9.07321745
358.159369	9.05114212
358.162225	9.02914568
